xData0, data0, errData0, xTheory0, theory0, xData1, data1, errData1, xTheory1, theory1
0.0264526367, 0.169925466, 0.00207323511, 0.0296569824, 0.170230865, 0.0264526367, 0.157885998, 0.00127554983, 0.0296569824, 0.16047138
0.0301147461, 0.169307068, 0.00207693025, 0.0301147461, 0.170200735, 0.0301147461, 0.15706411, 0.00127591406, 0.0301147461, 0.159858048
0.0337768555, 0.1736518, 0.00207121225, 0.0305725098, 0.170170695, 0.0337768555, 0.156683102, 0.00127871523, 0.0305725098, 0.15925777
0.0374389648, 0.174116507, 0.00207778847, 0.0310302734, 0.170140743, 0.0374389648, 0.152588248, 0.00127859221, 0.0310302734, 0.158670276
0.0411010742, 0.169994846, 0.00207698129, 0.0314880371, 0.170110852, 0.0411010742, 0.151298672, 0.00128106628, 0.0314880371, 0.1580953
0.0447631836, 0.168066144, 0.00208107963, 0.0319458008, 0.170081049, 0.0447631836, 0.144716173, 0.0012833664, 0.0319458008, 0.157532588
0.048425293, 0.166806012, 0.00208739727, 0.0324035645, 0.170051321, 0.048425293, 0.143175468, 0.00128394848, 0.0324035645, 0.156981885
0.0520874023, 0.168061316, 0.002084701, 0.0328613281, 0.170021668, 0.0520874023, 0.143050641, 0.00128466123, 0.0328613281, 0.15644294
0.0557495117, 0.167184904, 0.00208801357, 0.0333190918, 0.169992104, 0.0557495117, 0.139265388, 0.00128706744, 0.0333190918, 0.155915529
0.0594116211, 0.166637883, 0.00208955603, 0.0337768555, 0.169962615, 0.0594116211, 0.138608977, 0.00128720004, 0.0337768555, 0.155399397
0.0630737305, 0.165297359, 0.00209463505, 0.0342346191, 0.1699332, 0.0630737305, 0.138236895, 0.00128770197, 0.0342346191, 0.154894307
0.0667358398, 0.168426722, 0.0020942767, 0.0346923828, 0.169903859, 0.0667358398, 0.137272447, 0.00128907302, 0.0346923828, 0.154400051
0.0703979492, 0.166047126, 0.00209645769, 0.0351501465, 0.169874594, 0.0703979492, 0.136257112, 0.00129078322, 0.0351501465, 0.153916404
0.0740600586, 0.166184977, 0.00209585138, 0.0356079102, 0.169845417, 0.0740600586, 0.13379994, 0.00129452697, 0.0356079102, 0.153443128
0.077722168, 0.171814457, 0.00209619013, 0.0360656738, 0.1698163, 0.077722168, 0.133651048, 0.00129531167, 0.0360656738, 0.15298003
0.0813842773, 0.17040877, 0.00210035299, 0.0365234375, 0.169787273, 0.0813842773, 0.135661528, 0.00129420965, 0.0365234375, 0.152526885
0.0850463867, 0.167133644, 0.0020993902, 0.0369812012, 0.16975832, 0.0850463867, 0.133961588, 0.00129558683, 0.0369812012, 0.152083501
0.0887084961, 0.166973203, 0.00210387827, 0.0374389648, 0.169729456, 0.0887084961, 0.134489834, 0.00129741256, 0.0374389648, 0.151649654
0.0923706055, 0.164493009, 0.00210822234, 0.0378967285, 0.169700652, 0.0923706055, 0.132511809, 0.00129676504, 0.0378967285, 0.151225179
0.0960327148, 0.168772742, 0.00210406088, 0.0383544922, 0.169671923, 0.0960327148, 0.132803932, 0.00129941948, 0.0383544922, 0.150809854
0.0996948242, 0.168423787, 0.00210441168, 0.0388122559, 0.169643283, 0.0996948242, 0.132415399, 0.00130088722, 0.0388122559, 0.150403485
0.103356934, 0.165771052, 0.00210788985, 0.0392700195, 0.169614717, 0.103356934, 0.131543696, 0.00130213703, 0.0392700195, 0.150005907
0.107019043, 0.164695501, 0.00211833587, 0.0397277832, 0.169586211, 0.107019043, 0.132587671, 0.00130335262, 0.0397277832, 0.149616942
0.110681152, 0.16627951, 0.00211305865, 0.0401855469, 0.169557795, 0.110681152, 0.131499588, 0.00130460256, 0.0401855469, 0.149236381
0.114343262, 0.164408743, 0.00211672945, 0.0406433105, 0.169529453, 0.114343262, 0.133021474, 0.00130445244, 0.0406433105, 0.148864076
0.118005371, 0.16466184, 0.0021208808, 0.0411010742, 0.169501185, 0.118005371, 0.133841947, 0.0013053987, 0.0411010742, 0.148499846
0.12166748, 0.164079517, 0.00211721573, 0.0415588379, 0.169472992, 0.12166748, 0.132254586, 0.00130537462, 0.0415588379, 0.148143515
0.12532959, 0.166114107, 0.00212169576, 0.0420166016, 0.169444889, 0.12532959, 0.133073568, 0.00130739724, 0.0420166016, 0.147794917
0.128991699, 0.165077001, 0.00212179933, 0.0424743652, 0.169416845, 0.128991699, 0.131486043, 0.00130832687, 0.0424743652, 0.147453904
0.132653809, 0.16414015, 0.00212335506, 0.0429321289, 0.169388875, 0.132653809, 0.13286835, 0.00131125754, 0.0429321289, 0.147120327
0.136315918, 0.165202901, 0.00212257955, 0.0433898926, 0.16936098, 0.136315918, 0.134294137, 0.00131154009, 0.0433898926, 0.146793991
0.139978027, 0.164663136, 0.00212591161, 0.0438476562, 0.169333175, 0.139978027, 0.132417515, 0.00131306613, 0.0438476562, 0.146474779
0.143640137, 0.164217934, 0.00213159616, 0.0443054199, 0.169305429, 0.143640137, 0.135077566, 0.00131383436, 0.0443054199, 0.146162525
0.147302246, 0.166256562, 0.00213167372, 0.0447631836, 0.169277757, 0.147302246, 0.129541978, 0.00131592978, 0.0447631836, 0.145857096
0.150964355, 0.161149055, 0.0021353825, 0.0452209473, 0.16925016, 0.150964355, 0.134831846, 0.00131633953, 0.0452209473, 0.145558327
0.154626465, 0.166398972, 0.00213399049, 0.0456787109, 0.169222653, 0.154626465, 0.134050623, 0.00131746003, 0.0456787109, 0.145266101
0.158288574, 0.164621755, 0.0021398515, 0.0461364746, 0.169195205, 0.158288574, 0.132836998, 0.00131824092, 0.0461364746, 0.144980267
0.161950684, 0.164184779, 0.00213973542, 0.0465942383, 0.169167832, 0.161950684, 0.131223708, 0.00131927698, 0.0465942383, 0.144700691
0.165612793, 0.162495226, 0.0021407317, 0.047052002, 0.169140533, 0.165612793, 0.132630408, 0.00132137084, 0.047052002, 0.14442724
0.169274902, 0.165185556, 0.00214350978, 0.0475097656, 0.169113308, 0.169274902, 0.132037044, 0.00132129917, 0.0475097656, 0.144159794
0.172937012, 0.161121234, 0.00214646639, 0.0479675293, 0.169086173, 0.172937012, 0.132471681, 0.00132292353, 0.0479675293, 0.143898219
0.176599121, 0.161587, 0.00214858818, 0.048425293, 0.169059083, 0.176599121, 0.133920386, 0.00132294928, 0.048425293, 0.143642396
0.18026123, 0.16330424, 0.00214539432, 0.0488830566, 0.169032082, 0.18026123, 0.132149056, 0.00132493329, 0.0488830566, 0.14339219
0.18392334, 0.165341899, 0.00214843449, 0.0493408203, 0.169005156, 0.18392334, 0.131449938, 0.00132701278, 0.0493408203, 0.143147498
0.187585449, 0.16687642, 0.00214983421, 0.049798584, 0.168978304, 0.187585449, 0.131722614, 0.00132722547, 0.049798584, 0.142908201
0.191247559, 0.16424951, 0.00215296288, 0.0502563477, 0.168951526, 0.191247559, 0.134421617, 0.00132897363, 0.0502563477, 0.142674163
0.194909668, 0.165112421, 0.00215896656, 0.0507141113, 0.168924809, 0.194909668, 0.130785301, 0.0013292548, 0.0507141113, 0.142445296
0.198571777, 0.166209236, 0.00216019523, 0.051171875, 0.168898165, 0.198571777, 0.131676435, 0.00133045728, 0.051171875, 0.142221481
0.202233887, 0.16573076, 0.00216291087, 0.0516296387, 0.168871611, 0.202233887, 0.130754754, 0.00133047939, 0.0516296387, 0.142002612
0.205895996, 0.164542496, 0.00215955925, 0.0520874023, 0.168845117, 0.205895996, 0.131941408, 0.00133279653, 0.0520874023, 0.141788572
0.209558105, 0.169050276, 0.00216113098, 0.052545166, 0.168818697, 0.209558105, 0.131366864, 0.00133534554, 0.052545166, 0.14157927
0.213220215, 0.16073446, 0.00216718592, 0.0530029297, 0.168792337, 0.213220215, 0.131202474, 0.00133515206, 0.0530029297, 0.141374618
0.216882324, 0.162643626, 0.00216527497, 0.0534606934, 0.168766066, 0.216882324, 0.129638985, 0.00133577853, 0.0534606934, 0.14117448
0.220544434, 0.16202797, 0.00217013461, 0.053918457, 0.168739855, 0.220544434, 0.128840551, 0.00133557025, 0.053918457, 0.140978798
0.224206543, 0.163753435, 0.00217034584, 0.0543762207, 0.168713734, 0.224206543, 0.130182788, 0.00133820998, 0.0543762207, 0.140787452
0.227868652, 0.164900333, 0.00217208721, 0.0548339844, 0.168687671, 0.227868652, 0.129906133, 0.0013407864, 0.0548339844, 0.140600353
0.231530762, 0.161027849, 0.00217736875, 0.055291748, 0.168661669, 0.231530762, 0.130074114, 0.00133944724, 0.055291748, 0.140417412
0.235192871, 0.161854625, 0.00217868585, 0.0557495117, 0.168635756, 0.235192871, 0.129866675, 0.00134121555, 0.0557495117, 0.140238538
0.23885498, 0.163257197, 0.00217838869, 0.0562072754, 0.168609902, 0.23885498, 0.128597841, 0.00134345604, 0.0562072754, 0.140063643
0.24251709, 0.161225215, 0.00217805341, 0.0566650391, 0.168584138, 0.24251709, 0.127585754, 0.00134483071, 0.0566650391, 0.139892638
0.246179199, 0.160941198, 0.0021767538, 0.0571228027, 0.168558434, 0.246179199, 0.128979757, 0.00134484574, 0.0571228027, 0.139725447
0.249841309, 0.161823645, 0.00218214623, 0.0575805664, 0.168532789, 0.249841309, 0.130016565, 0.0013468005, 0.0575805664, 0.139561981
0.253503418, 0.163830072, 0.00218560964, 0.0580383301, 0.168507233, 0.253503418, 0.131687537, 0.00134733709, 0.0580383301, 0.139402166
0.257165527, 0.164668083, 0.00218732677, 0.0584960937, 0.168481737, 0.257165527, 0.128894314, 0.00134874747, 0.0584960937, 0.139245927
0.260827637, 0.15892294, 0.0021919038, 0.0589538574, 0.168456316, 0.260827637, 0.130694553, 0.00134789624, 0.0589538574, 0.139093161
0.264489746, 0.16007559, 0.00218908353, 0.0594116211, 0.168430954, 0.264489746, 0.127018258, 0.00134969903, 0.0594116211, 0.138943821
0.268151855, 0.161389634, 0.00219137242, 0.0598693848, 0.168405667, 0.268151855, 0.129134014, 0.00135210908, 0.0598693848, 0.138797805
0.271813965, 0.158849269, 0.00219570842, 0.0603271484, 0.168380454, 0.271813965, 0.128706053, 0.00135358071, 0.0603271484, 0.138655066
0.275476074, 0.160138324, 0.00219843896, 0.0607849121, 0.168355316, 0.275476074, 0.12978071, 0.00135371187, 0.0607849121, 0.138515532
0.279138184, 0.16342485, 0.00219635016, 0.0612426758, 0.168330237, 0.279138184, 0.126163751, 0.00135626744, 0.0612426758, 0.138379112
0.282800293, 0.159608275, 0.00220484617, 0.0617004395, 0.168305233, 0.282800293, 0.128410906, 0.00135649532, 0.0617004395, 0.138245746
0.286462402, 0.161394939, 0.00220325259, 0.0621582031, 0.168280303, 0.286462402, 0.127299696, 0.00135819529, 0.0621582031, 0.138115376
0.290124512, 0.162180379, 0.00220443454, 0.0626159668, 0.168255433, 0.290124512, 0.128144681, 0.00135785833, 0.0626159668, 0.137987927
0.293786621, 0.160558581, 0.00220630269, 0.0630737305, 0.168230638, 0.293786621, 0.127300978, 0.00136039602, 0.0630737305, 0.137863338
0.29744873, 0.163979083, 0.00220810538, 0.0635314941, 0.168205917, 0.29744873, 0.127846256, 0.00136155542, 0.0635314941, 0.137741551
0.30111084, 0.161346227, 0.00221250064, 0.0639892578, 0.168181255, 0.30111084, 0.128266037, 0.00136117341, 0.0639892578, 0.137622491
0.304772949, 0.160787165, 0.00221004559, 0.0644470215, 0.168156669, 0.304772949, 0.127108365, 0.0013606928, 0.0644470215, 0.137506112
0.308435059, 0.161019787, 0.0022174424, 0.0649047852, 0.168132141, 0.308435059, 0.127741918, 0.00136370726, 0.0649047852, 0.137392342
0.312097168, 0.162507489, 0.00222015812, 0.0653625488, 0.168107688, 0.312097168, 0.129934892, 0.00136514047, 0.0653625488, 0.137281135
0.315759277, 0.159993052, 0.00221890603, 0.0658203125, 0.16808331, 0.315759277, 0.127788037, 0.00136572543, 0.0658203125, 0.137172416
0.319421387, 0.166211203, 0.00221678215, 0.0662780762, 0.168058991, 0.319421387, 0.124946065, 0.00136850745, 0.0662780762, 0.137066156
0.323083496, 0.16659601, 0.00221562862, 0.0667358398, 0.168034747, 0.323083496, 0.125380114, 0.00136952246, 0.0667358398, 0.13696228
0.326745605, 0.160562903, 0.00222511815, 0.0671936035, 0.168010563, 0.326745605, 0.127755314, 0.00137101344, 0.0671936035, 0.136860743
0.330407715, 0.161511034, 0.00222383205, 0.0676513672, 0.167986453, 0.330407715, 0.127724797, 0.00137212803, 0.0676513672, 0.136761501
0.334069824, 0.159644634, 0.00222879959, 0.0681091309, 0.167962417, 0.334069824, 0.127700284, 0.00137153684, 0.0681091309, 0.13666448
0.337731934, 0.161166221, 0.00222754949, 0.0685668945, 0.167938441, 0.337731934, 0.127189353, 0.00137482209, 0.0685668945, 0.136569649
0.341394043, 0.160425231, 0.00222918389, 0.0690246582, 0.167914525, 0.341394043, 0.127559826, 0.00137407683, 0.0690246582, 0.136476949
0.345056152, 0.161367401, 0.0022302722, 0.0694824219, 0.167890683, 0.345056152, 0.128751159, 0.00137698006, 0.0694824219, 0.13638635
0.348718262, 0.158893853, 0.00223738918, 0.0699401855, 0.167866915, 0.348718262, 0.128254905, 0.00137553141, 0.0699401855, 0.136297777
0.352380371, 0.165359229, 0.00223411009, 0.0703979492, 0.167843208, 0.352380371, 0.123644657, 0.00137879716, 0.0703979492, 0.136211202
0.35604248, 0.16230768, 0.00223765372, 0.0708557129, 0.16781956, 0.35604248, 0.125878811, 0.00137925637, 0.0708557129, 0.136126578
0.35970459, 0.163592562, 0.00223876193, 0.0713134766, 0.167795986, 0.35970459, 0.125672653, 0.00138175466, 0.0713134766, 0.136043847
0.363366699, 0.16363804, 0.00223790302, 0.0717712402, 0.167772487, 0.363366699, 0.125788704, 0.00138271798, 0.0717712402, 0.135962993
0.367028809, 0.1616548, 0.00224123508, 0.0722290039, 0.167749047, 0.367028809, 0.126685068, 0.00138157649, 0.0722290039, 0.135883957
0.370690918, 0.159856945, 0.00224514244, 0.0726867676, 0.167725667, 0.370690918, 0.125192836, 0.00138457379, 0.0726867676, 0.135806695
0.374353027, 0.162316024, 0.00224417016, 0.0731445312, 0.167702362, 0.374353027, 0.125813007, 0.00138485023, 0.0731445312, 0.135731161
0.378015137, 0.15994896, 0.0022473642, 0.0736022949, 0.167679116, 0.378015137, 0.127218679, 0.00138658017, 0.0736022949, 0.13565734
0.381677246, 0.161823347, 0.00224405515, 0.0740600586, 0.167655945, 0.381677246, 0.126081586, 0.00138846956, 0.0740600586, 0.135585174
0.385339355, 0.162852362, 0.00224723535, 0.0745178223, 0.167632833, 0.385339355, 0.127464414, 0.00138783361, 0.0745178223, 0.135514632
0.389001465, 0.162477896, 0.00224888609, 0.0749755859, 0.167609796, 0.389001465, 0.128050357, 0.00138932647, 0.0749755859, 0.135445669
0.392663574, 0.159903213, 0.00225711062, 0.0754333496, 0.167586818, 0.392663574, 0.125763655, 0.00139035205, 0.0754333496, 0.135378256
0.396325684, 0.16016607, 0.00226002403, 0.0758911133, 0.1675639, 0.396325684, 0.127728537, 0.00139134163, 0.0758911133, 0.135312364
0.399987793, 0.159710705, 0.0022605499, 0.076348877, 0.167541057, 0.399987793, 0.124578379, 0.0013927553, 0.076348877, 0.135247946
0.403649902, 0.158912912, 0.00226204756, 0.0768066406, 0.167518273, 0.403649902, 0.125150219, 0.00139429586, 0.0768066406, 0.135184959
0.407312012, 0.16232428, 0.0022678561, 0.0772644043, 0.167495549, 0.407312012, 0.124214403, 0.00139604705, 0.0772644043, 0.135123402
0.410974121, 0.161677167, 0.00226287208, 0.077722168, 0.167472899, 0.410974121, 0.125962615, 0.00139542615, 0.077722168, 0.135063201
0.41463623, 0.161300242, 0.00226246235, 0.0781799316, 0.167450309, 0.41463623, 0.126511961, 0.00139658417, 0.0781799316, 0.135004357
0.41829834, 0.158698797, 0.00227277172, 0.0786376953, 0.167427793, 0.41829834, 0.12301372, 0.00139999126, 0.0786376953, 0.134946823
0.421960449, 0.161052108, 0.00227155772, 0.079095459, 0.167405337, 0.421960449, 0.125815094, 0.00140010569, 0.079095459, 0.134890586
0.425622559, 0.157730654, 0.00227406938, 0.0795532227, 0.167382941, 0.425622559, 0.122433603, 0.00140303841, 0.0795532227, 0.134835586
0.429284668, 0.163650423, 0.00227420624, 0.0800109863, 0.167360619, 0.429284668, 0.125048101, 0.00140416758, 0.0800109863, 0.134781808
0.432946777, 0.156589061, 0.00227948207, 0.08046875, 0.167338341, 0.432946777, 0.12707004, 0.00140307003, 0.08046875, 0.134729236
0.436608887, 0.162960052, 0.00227818709, 0.0809265137, 0.167316154, 0.436608887, 0.12423715, 0.00140603001, 0.0809265137, 0.134677827
0.440270996, 0.161549956, 0.00228144543, 0.0813842773, 0.167294011, 0.440270996, 0.125592083, 0.00140615033, 0.0813842773, 0.134627566
0.443933105, 0.157554016, 0.00228590535, 0.081842041, 0.167271942, 0.443933105, 0.123374678, 0.00140838535, 0.081842041, 0.134578407
0.447595215, 0.158455953, 0.00228505835, 0.0822998047, 0.167249933, 0.447595215, 0.129083976, 0.00140726242, 0.0822998047, 0.134530336
0.451257324, 0.164141908, 0.00228783384, 0.0827575684, 0.167227983, 0.451257324, 0.124272056, 0.00141022064, 0.0827575684, 0.134483323
0.454919434, 0.16124703, 0.00228917659, 0.083215332, 0.167206109, 0.454919434, 0.126699924, 0.00140997627, 0.083215332, 0.134437352
0.458581543, 0.155096218, 0.00229537025, 0.0836730957, 0.167184278, 0.458581543, 0.122701511, 0.00141422756, 0.0836730957, 0.134392396
0.462243652, 0.159282714, 0.00229550941, 0.0841308594, 0.167162523, 0.462243652, 0.126262903, 0.00141624771, 0.0841308594, 0.134348422
0.465905762, 0.160838932, 0.00229074776, 0.084588623, 0.167140841, 0.465905762, 0.125545487, 0.00141372201, 0.084588623, 0.134305403
0.469567871, 0.156215101, 0.00229557764, 0.0850463867, 0.167119205, 0.469567871, 0.126313284, 0.00141648131, 0.0850463867, 0.134263337
0.47322998, 0.158646956, 0.00230038784, 0.0855041504, 0.167097643, 0.47322998, 0.124753915, 0.00141941391, 0.0855041504, 0.13422218
0.47689209, 0.158520356, 0.00229920713, 0.0859619141, 0.167076141, 0.47689209, 0.125324979, 0.00142018462, 0.0859619141, 0.134181917
0.480554199, 0.160242543, 0.00230107198, 0.0864196777, 0.167054698, 0.480554199, 0.125839159, 0.00141868422, 0.0864196777, 0.134142533
0.484216309, 0.161024392, 0.00230305813, 0.0868774414, 0.167033315, 0.484216309, 0.124985583, 0.00142164653, 0.0868774414, 0.134103999
0.487878418, 0.161095142, 0.00230189803, 0.0873352051, 0.167012006, 0.487878418, 0.124586165, 0.00142185155, 0.0873352051, 0.134066299
0.491540527, 0.159650341, 0.0023096654, 0.0877929687, 0.166990742, 0.491540527, 0.123079747, 0.00142263655, 0.0877929687, 0.134029403
 , , , 0.0882507324, 0.166969553,  , , , 0.0882507324, 0.133993298
 , , , 0.0887084961, 0.166948423,  , , , 0.0887084961, 0.133957982
 , , , 0.0891662598, 0.166927353,  , , , 0.0891662598, 0.133923396
 , , , 0.0896240234, 0.166906342,  , , , 0.0896240234, 0.133889571
 , , , 0.0900817871, 0.166885406,  , , , 0.0900817871, 0.133856446
 , , , 0.0905395508, 0.166864514,  , , , 0.0905395508, 0.133824021
 , , , 0.0909973145, 0.166843697,  , , , 0.0909973145, 0.133792281
 , , , 0.0914550781, 0.16682294,  , , , 0.0914550781, 0.133761197
 , , , 0.0919128418, 0.166802227,  , , , 0.0919128418, 0.133730769
 , , , 0.0923706055, 0.166781589,  , , , 0.0923706055, 0.133700982
 , , , 0.0928283691, 0.166761011,  , , , 0.0928283691, 0.13367179
 , , , 0.0932861328, 0.166740492,  , , , 0.0932861328, 0.133643225
 , , , 0.0937438965, 0.166720033,  , , , 0.0937438965, 0.133615226
 , , , 0.0942016602, 0.166699633,  , , , 0.0942016602, 0.133587807
 , , , 0.0946594238, 0.166679308,  , , , 0.0946594238, 0.133560926
 , , , 0.0951171875, 0.166659027,  , , , 0.0951171875, 0.13353461
 , , , 0.0955749512, 0.166638806,  , , , 0.0955749512, 0.133508816
 , , , 0.0960327148, 0.166618645,  , , , 0.0960327148, 0.133483529
 , , , 0.0964904785, 0.166598558,  , , , 0.0964904785, 0.133458748
 , , , 0.0969482422, 0.166578516,  , , , 0.0969482422, 0.13343446
 , , , 0.0974060059, 0.166558534,  , , , 0.0974060059, 0.133410633
 , , , 0.0978637695, 0.166538626,  , , , 0.0978637695, 0.133387282
 , , , 0.0983215332, 0.166518763,  , , , 0.0983215332, 0.133364379
 , , , 0.0987792969, 0.166498959,  , , , 0.0987792969, 0.133341908
 , , , 0.0992370605, 0.166479215,  , , , 0.0992370605, 0.133319885
 , , , 0.0996948242, 0.166459531,  , , , 0.0996948242, 0.133298263
 , , , 0.100152588, 0.166439921,  , , , 0.100152588, 0.133277044
 , , , 0.100610352, 0.166420355,  , , , 0.100610352, 0.133256227
 , , , 0.101068115, 0.16640085,  , , , 0.101068115, 0.133235797
 , , , 0.101525879, 0.166381389,  , , , 0.101525879, 0.13321574
 , , , 0.101983643, 0.166362002,  , , , 0.101983643, 0.133196041
 , , , 0.102441406, 0.166342676,  , , , 0.102441406, 0.133176699
 , , , 0.10289917, 0.166323394,  , , , 0.10289917, 0.1331577
 , , , 0.103356934, 0.166304186,  , , , 0.103356934, 0.133139044
 , , , 0.103814697, 0.166285023,  , , , 0.103814697, 0.133120701
 , , , 0.104272461, 0.16626592,  , , , 0.104272461, 0.133102685
 , , , 0.104730225, 0.166246876,  , , , 0.104730225, 0.133084983
 , , , 0.105187988, 0.166227892,  , , , 0.105187988, 0.133067563
 , , , 0.105645752, 0.166208968,  , , , 0.105645752, 0.133050442
 , , , 0.106103516, 0.166190103,  , , , 0.106103516, 0.133033603
 , , , 0.106561279, 0.166171283,  , , , 0.106561279, 0.133017048
 , , , 0.107019043, 0.166152522,  , , , 0.107019043, 0.133000761
 , , , 0.107476807, 0.166133821,  , , , 0.107476807, 0.132984728
 , , , 0.10793457, 0.16611518,  , , , 0.10793457, 0.132968947
 , , , 0.108392334, 0.166096598,  , , , 0.108392334, 0.132953405
 , , , 0.108850098, 0.166078061,  , , , 0.108850098, 0.132938117
 , , , 0.109307861, 0.166059598,  , , , 0.109307861, 0.132923052
 , , , 0.109765625, 0.16604118,  , , , 0.109765625, 0.13290821
 , , , 0.110223389, 0.166022807,  , , , 0.110223389, 0.132893592
 , , , 0.110681152, 0.166004509,  , , , 0.110681152, 0.132879168
 , , , 0.111138916, 0.165986255,  , , , 0.111138916, 0.132864967
 , , , 0.11159668, 0.16596806,  , , , 0.11159668, 0.13285096
 , , , 0.112054443, 0.165949926,  , , , 0.112054443, 0.132837147
 , , , 0.112512207, 0.165931836,  , , , 0.112512207, 0.132823527
 , , , 0.112969971, 0.165913805,  , , , 0.112969971, 0.132810086
 , , , 0.113427734, 0.165895835,  , , , 0.113427734, 0.132796809
 , , , 0.113885498, 0.165877923,  , , , 0.113885498, 0.132783726
 , , , 0.114343262, 0.165860057,  , , , 0.114343262, 0.132770792
 , , , 0.114801025, 0.16584225,  , , , 0.114801025, 0.132758021
 , , , 0.115258789, 0.165824488,  , , , 0.115258789, 0.1327454
 , , , 0.115716553, 0.165806785,  , , , 0.115716553, 0.132732943
 , , , 0.116174316, 0.165789142,  , , , 0.116174316, 0.132720619
 , , , 0.11663208, 0.165771559,  , , , 0.11663208, 0.132708445
 , , , 0.117089844, 0.16575402,  , , , 0.117089844, 0.132696405
 , , , 0.117547607, 0.165736541,  , , , 0.117547607, 0.132684484
 , , , 0.118005371, 0.165719107,  , , , 0.118005371, 0.132672712
 , , , 0.118463135, 0.165701732,  , , , 0.118463135, 0.132661045
 , , , 0.118920898, 0.165684417,  , , , 0.118920898, 0.132649511
 , , , 0.119378662, 0.165667146,  , , , 0.119378662, 0.132638082
 , , , 0.119836426, 0.165649936,  , , , 0.119836426, 0.132626772
 , , , 0.120294189, 0.165632769,  , , , 0.120294189, 0.132615566
 , , , 0.120751953, 0.165615663,  , , , 0.120751953, 0.132604465
 , , , 0.121209717, 0.165598616,  , , , 0.121209717, 0.132593468
 , , , 0.12166748, 0.165581614,  , , , 0.12166748, 0.13258256
 , , , 0.122125244, 0.165564656,  , , , 0.122125244, 0.132571757
 , , , 0.122583008, 0.165547773,  , , , 0.122583008, 0.132561028
 , , , 0.123040771, 0.16553092,  , , , 0.123040771, 0.132550389
 , , , 0.123498535, 0.165514141,  , , , 0.123498535, 0.132539839
 , , , 0.123956299, 0.165497392,  , , , 0.123956299, 0.132529378
 , , , 0.124414062, 0.165480703,  , , , 0.124414062, 0.132518977
 , , , 0.124871826, 0.165464073,  , , , 0.124871826, 0.13250865
 , , , 0.12532959, 0.165447488,  , , , 0.12532959, 0.132498413
 , , , 0.125787354, 0.165430963,  , , , 0.125787354, 0.132488236
 , , , 0.126245117, 0.165414482,  , , , 0.126245117, 0.132478118
 , , , 0.126702881, 0.165398061,  , , , 0.126702881, 0.13246806
 , , , 0.127160645, 0.165381685,  , , , 0.127160645, 0.132458076
 , , , 0.127618408, 0.165365368,  , , , 0.127618408, 0.132448152
 , , , 0.128076172, 0.165349096,  , , , 0.128076172, 0.132438272
 , , , 0.128533936, 0.165332869,  , , , 0.128533936, 0.132428452
 , , , 0.128991699, 0.165316701,  , , , 0.128991699, 0.132418677
 , , , 0.129449463, 0.165300578,  , , , 0.129449463, 0.132408947
 , , , 0.129907227, 0.165284514,  , , , 0.129907227, 0.132399276
 , , , 0.13036499, 0.165268496,  , , , 0.13036499, 0.13238965
 , , , 0.130822754, 0.165252537,  , , , 0.130822754, 0.132380053
 , , , 0.131280518, 0.165236622,  , , , 0.131280518, 0.132370502
 , , , 0.131738281, 0.165220752,  , , , 0.131738281, 0.132360995
 , , , 0.132196045, 0.165204927,  , , , 0.132196045, 0.132351518
 , , , 0.132653809, 0.165189162,  , , , 0.132653809, 0.132342085
 , , , 0.133111572, 0.165173456,  , , , 0.133111572, 0.132332668
 , , , 0.133569336, 0.16515778,  , , , 0.133569336, 0.132323295
 , , , 0.1340271, 0.165142164,  , , , 0.1340271, 0.132313952
 , , , 0.134484863, 0.165126607,  , , , 0.134484863, 0.132304624
 , , , 0.134942627, 0.165111095,  , , , 0.134942627, 0.13229534
 , , , 0.135400391, 0.165095627,  , , , 0.135400391, 0.132286072
 , , , 0.135858154, 0.165080205,  , , , 0.135858154, 0.132276818
 , , , 0.136315918, 0.165064827,  , , , 0.136315918, 0.132267594
 , , , 0.136773682, 0.165049508,  , , , 0.136773682, 0.1322584
 , , , 0.137231445, 0.165034235,  , , , 0.137231445, 0.132249206
 , , , 0.137689209, 0.16501902,  , , , 0.137689209, 0.132240042
 , , , 0.138146973, 0.165003851,  , , , 0.138146973, 0.132230893
 , , , 0.138604736, 0.164988726,  , , , 0.138604736, 0.132221758
 , , , 0.1390625, 0.164973646,  , , , 0.1390625, 0.132212624
 , , , 0.139520264, 0.164958611,  , , , 0.139520264, 0.132203519
 , , , 0.139978027, 0.164943635,  , , , 0.139978027, 0.132194415
 , , , 0.140435791, 0.164928705,  , , , 0.140435791, 0.132185325
 , , , 0.140893555, 0.164913818,  , , , 0.140893555, 0.13217625
 , , , 0.141351318, 0.164898992,  , , , 0.141351318, 0.132167175
 , , , 0.141809082, 0.164884195,  , , , 0.141809082, 0.132158101
 , , , 0.142266846, 0.164869457,  , , , 0.142266846, 0.132149041
 , , , 0.142724609, 0.164854765,  , , , 0.142724609, 0.132139981
 , , , 0.143182373, 0.164840117,  , , , 0.143182373, 0.132130936
 , , , 0.143640137, 0.164825514,  , , , 0.143640137, 0.132121891
 , , , 0.1440979, 0.16481097,  , , , 0.1440979, 0.132112831
 , , , 0.144555664, 0.164796457,  , , , 0.144555664, 0.132103786
 , , , 0.145013428, 0.164782003,  , , , 0.145013428, 0.132094741
 , , , 0.145471191, 0.164767593,  , , , 0.145471191, 0.132085696
 , , , 0.145928955, 0.164753228,  , , , 0.145928955, 0.132076651
 , , , 0.146386719, 0.164738908,  , , , 0.146386719, 0.132067606
 , , , 0.146844482, 0.164724648,  , , , 0.146844482, 0.132058561
 , , , 0.147302246, 0.164710417,  , , , 0.147302246, 0.132049501
 , , , 0.14776001, 0.164696231,  , , , 0.14776001, 0.132040441
 , , , 0.148217773, 0.164682105,  , , , 0.148217773, 0.132031381
 , , , 0.148675537, 0.164668024,  , , , 0.148675537, 0.132022321
 , , , 0.149133301, 0.164653987,  , , , 0.149133301, 0.132013246
 , , , 0.149591064, 0.16463998,  , , , 0.149591064, 0.132004157
 , , , 0.150048828, 0.164626032,  , , , 0.150048828, 0.131995082
 , , , 0.150506592, 0.164612129,  , , , 0.150506592, 0.131985977
 , , , 0.150964355, 0.164598271,  , , , 0.150964355, 0.131976888
 , , , 0.151422119, 0.164584458,  , , , 0.151422119, 0.131967768
 , , , 0.151879883, 0.164570689,  , , , 0.151879883, 0.131958649
 , , , 0.152337646, 0.164556965,  , , , 0.152337646, 0.131949529
 , , , 0.15279541, 0.164543301,  , , , 0.15279541, 0.13194038
 , , , 0.153253174, 0.164529666,  , , , 0.153253174, 0.131931245
 , , , 0.153710937, 0.164516076,  , , , 0.153710937, 0.131922081
 , , , 0.154168701, 0.164502531,  , , , 0.154168701, 0.131912917
 , , , 0.154626465, 0.164489031,  , , , 0.154626465, 0.131903723
 , , , 0.155084229, 0.164475575,  , , , 0.155084229, 0.131894544
 , , , 0.155541992, 0.164462164,  , , , 0.155541992, 0.131885335
 , , , 0.155999756, 0.164448798,  , , , 0.155999756, 0.131876111
 , , , 0.15645752, 0.164435476,  , , , 0.15645752, 0.131866887
 , , , 0.156915283, 0.164422199,  , , , 0.156915283, 0.131857648
 , , , 0.157373047, 0.164408967,  , , , 0.157373047, 0.131848395
 , , , 0.157830811, 0.164395779,  , , , 0.157830811, 0.131839111
 , , , 0.158288574, 0.164382622,  , , , 0.158288574, 0.131829828
 , , , 0.158746338, 0.164369524,  , , , 0.158746338, 0.131820545
 , , , 0.159204102, 0.16435647,  , , , 0.159204102, 0.131811231
 , , , 0.159661865, 0.164343446,  , , , 0.159661865, 0.131801903
 , , , 0.160119629, 0.164330468,  , , , 0.160119629, 0.13179256
 , , , 0.160577393, 0.164317533,  , , , 0.160577393, 0.131783202
 , , , 0.161035156, 0.164304659,  , , , 0.161035156, 0.131773829
 , , , 0.16149292, 0.164291814,  , , , 0.16149292, 0.131764442
 , , , 0.161950684, 0.164278999,  , , , 0.161950684, 0.131755039
 , , , 0.162408447, 0.164266244,  , , , 0.162408447, 0.131745622
 , , , 0.162866211, 0.164253533,  , , , 0.162866211, 0.131736189
 , , , 0.163323975, 0.164240852,  , , , 0.163323975, 0.131726742
 , , , 0.163781738, 0.164228216,  , , , 0.163781738, 0.13171728
 , , , 0.164239502, 0.164215624,  , , , 0.164239502, 0.131707802
 , , , 0.164697266, 0.164203078,  , , , 0.164697266, 0.13169831
 , , , 0.165155029, 0.164190575,  , , , 0.165155029, 0.131688789
 , , , 0.165612793, 0.164178103,  , , , 0.165612793, 0.131679267
 , , , 0.166070557, 0.164165676,  , , , 0.166070557, 0.131669715
 , , , 0.16652832, 0.164153293,  , , , 0.16652832, 0.131660149
 , , , 0.166986084, 0.164140955,  , , , 0.166986084, 0.131650567
 , , , 0.167443848, 0.164128661,  , , , 0.167443848, 0.131640971
 , , , 0.167901611, 0.164116398,  , , , 0.167901611, 0.131631359
 , , , 0.168359375, 0.164104179,  , , , 0.168359375, 0.131621733
 , , , 0.168817139, 0.164092004,  , , , 0.168817139, 0.131612077
 , , , 0.169274902, 0.164079875,  , , , 0.169274902, 0.131602421
 , , , 0.169732666, 0.164067775,  , , , 0.169732666, 0.131592736
 , , , 0.17019043, 0.16405572,  , , , 0.17019043, 0.131583035
 , , , 0.170648193, 0.16404371,  , , , 0.170648193, 0.131573319
 , , , 0.171105957, 0.164031729,  , , , 0.171105957, 0.131563589
 , , , 0.171563721, 0.164019793,  , , , 0.171563721, 0.131553844
 , , , 0.172021484, 0.164007902,  , , , 0.172021484, 0.131544083
 , , , 0.172479248, 0.163996056,  , , , 0.172479248, 0.131534293
 , , , 0.172937012, 0.163984239,  , , , 0.172937012, 0.131524488
 , , , 0.173394775, 0.163972467,  , , , 0.173394775, 0.131514668
 , , , 0.173852539, 0.16396074,  , , , 0.173852539, 0.131504834
 , , , 0.174310303, 0.163949043,  , , , 0.174310303, 0.131494984
 , , , 0.174768066, 0.16393739,  , , , 0.174768066, 0.131485119
 , , , 0.17522583, 0.163925767,  , , , 0.17522583, 0.13147524
 , , , 0.175683594, 0.163914204,  , , , 0.175683594, 0.131465331
 , , , 0.176141357, 0.163902655,  , , , 0.176141357, 0.131455407
 , , , 0.176599121, 0.163891166,  , , , 0.176599121, 0.131445482
 , , , 0.177056885, 0.163879707,  , , , 0.177056885, 0.131435528
 , , , 0.177514648, 0.163868278,  , , , 0.177514648, 0.13142556
 , , , 0.177972412, 0.163856909,  , , , 0.177972412, 0.131415561
 , , , 0.178430176, 0.163845569,  , , , 0.178430176, 0.131405562
 , , , 0.178887939, 0.163834259,  , , , 0.178887939, 0.131395549
 , , , 0.179345703, 0.163822994,  , , , 0.179345703, 0.131385505
 , , , 0.179803467, 0.163811773,  , , , 0.179803467, 0.131375462
 , , , 0.18026123, 0.163800582,  , , , 0.18026123, 0.131365389
 , , , 0.180718994, 0.163789421,  , , , 0.180718994, 0.131355301
 , , , 0.181176758, 0.16377832,  , , , 0.181176758, 0.131345198
 , , , 0.181634521, 0.163767233,  , , , 0.181634521, 0.13133508
 , , , 0.182092285, 0.163756207,  , , , 0.182092285, 0.131324947
 , , , 0.182550049, 0.16374521,  , , , 0.182550049, 0.131314799
 , , , 0.183007812, 0.163734242,  , , , 0.183007812, 0.131304637
 , , , 0.183465576, 0.16372332,  , , , 0.183465576, 0.131294444
 , , , 0.18392334, 0.163712427,  , , , 0.18392334, 0.131284252
 , , , 0.184381104, 0.163701579,  , , , 0.184381104, 0.13127403
 , , , 0.184838867, 0.163690761,  , , , 0.184838867, 0.131263807
 , , , 0.185296631, 0.163679987,  , , , 0.185296631, 0.131253555
 , , , 0.185754395, 0.163669243,  , , , 0.185754395, 0.131243303
 , , , 0.186212158, 0.163658544,  , , , 0.186212158, 0.131233022
 , , , 0.186669922, 0.163647875,  , , , 0.186669922, 0.13122274
 , , , 0.187127686, 0.163637251,  , , , 0.187127686, 0.131212428
 , , , 0.187585449, 0.163626656,  , , , 0.187585449, 0.131202102
 , , , 0.188043213, 0.163616106,  , , , 0.188043213, 0.131191775
 , , , 0.188500977, 0.163605586,  , , , 0.188500977, 0.131181419
 , , , 0.18895874, 0.163595095,  , , , 0.18895874, 0.131171048
 , , , 0.189416504, 0.16358465,  , , , 0.189416504, 0.131160676
 , , , 0.189874268, 0.163574234,  , , , 0.189874268, 0.131150275
 , , , 0.190332031, 0.163563862,  , , , 0.190332031, 0.131139874
 , , , 0.190789795, 0.163553521,  , , , 0.190789795, 0.131129444
 , , , 0.191247559, 0.163543209,  , , , 0.191247559, 0.131119013
 , , , 0.191705322, 0.163532943,  , , , 0.191705322, 0.131108552
 , , , 0.192163086, 0.163522705,  , , , 0.192163086, 0.131098092
 , , , 0.19262085, 0.163512513,  , , , 0.19262085, 0.131087601
 , , , 0.193078613, 0.16350235,  , , , 0.193078613, 0.131077111
 , , , 0.193536377, 0.163492218,  , , , 0.193536377, 0.131066605
 , , , 0.193994141, 0.16348213,  , , , 0.193994141, 0.131056085
 , , , 0.194451904, 0.163472056,  , , , 0.194451904, 0.13104555
 , , , 0.194909668, 0.163462043,  , , , 0.194909668, 0.131035
 , , , 0.195367432, 0.163452044,  , , , 0.195367432, 0.131024435
 , , , 0.195825195, 0.16344209,  , , , 0.195825195, 0.131013855
 , , , 0.196282959, 0.163432166,  , , , 0.196282959, 0.131003276
 , , , 0.196740723, 0.163422287,  , , , 0.196740723, 0.130992666
 , , , 0.197198486, 0.163412437,  , , , 0.197198486, 0.130982056
 , , , 0.19765625, 0.163402617,  , , , 0.19765625, 0.130971432
 , , , 0.198114014, 0.163392827,  , , , 0.198114014, 0.130960792
 , , , 0.198571777, 0.163383082,  , , , 0.198571777, 0.130950138
 , , , 0.199029541, 0.163373351,  , , , 0.199029541, 0.130939469
 , , , 0.199487305, 0.16336368,  , , , 0.199487305, 0.1309288
 , , , 0.199945068, 0.163354024,  , , , 0.199945068, 0.130918115
 , , , 0.200402832, 0.163344413,  , , , 0.200402832, 0.130907416
 , , , 0.200860596, 0.163334817,  , , , 0.200860596, 0.130896702
 , , , 0.201318359, 0.16332528,  , , , 0.201318359, 0.130885974
 , , , 0.201776123, 0.163315758,  , , , 0.201776123, 0.13087523
 , , , 0.202233887, 0.163306266,  , , , 0.202233887, 0.130864486
 , , , 0.20269165, 0.163296819,  , , , 0.20269165, 0.130853727
 , , , 0.203149414, 0.163287401,  , , , 0.203149414, 0.130842954
 , , , 0.203607178, 0.163278013,  , , , 0.203607178, 0.130832165
 , , , 0.204064941, 0.163268656,  , , , 0.204064941, 0.130821377
 , , , 0.204522705, 0.163259342,  , , , 0.204522705, 0.130810574
 , , , 0.204980469, 0.163250044,  , , , 0.204980469, 0.130799755
 , , , 0.205438232, 0.16324079,  , , , 0.205438232, 0.130788937
 , , , 0.205895996, 0.163231567,  , , , 0.205895996, 0.130778089
 , , , 0.20635376, 0.163222373,  , , , 0.20635376, 0.130767241
 , , , 0.206811523, 0.163213223,  , , , 0.206811523, 0.130756393
 , , , 0.207269287, 0.163204089,  , , , 0.207269287, 0.130745515
 , , , 0.207727051, 0.163194984,  , , , 0.207727051, 0.130734637
 , , , 0.208184814, 0.163185924,  , , , 0.208184814, 0.130723745
 , , , 0.208642578, 0.163176894,  , , , 0.208642578, 0.130712852
 , , , 0.209100342, 0.163167894,  , , , 0.209100342, 0.130701944
 , , , 0.209558105, 0.163158923,  , , , 0.209558105, 0.130691022
 , , , 0.210015869, 0.163149983,  , , , 0.210015869, 0.130680084
 , , , 0.210473633, 0.163141072,  , , , 0.210473633, 0.130669147
 , , , 0.210931396, 0.163132191,  , , , 0.210931396, 0.130658209
 , , , 0.21138916, 0.163123339,  , , , 0.21138916, 0.130647242
 , , , 0.211846924, 0.163114533,  , , , 0.211846924, 0.130636275
 , , , 0.212304687, 0.163105741,  , , , 0.212304687, 0.130625293
 , , , 0.212762451, 0.163096994,  , , , 0.212762451, 0.130614311
 , , , 0.213220215, 0.163088262,  , , , 0.213220215, 0.130603313
 , , , 0.213677979, 0.163079575,  , , , 0.213677979, 0.130592316
 , , , 0.214135742, 0.163070902,  , , , 0.214135742, 0.130581304
 , , , 0.214593506, 0.163062274,  , , , 0.214593506, 0.130570278
 , , , 0.21505127, 0.163053662,  , , , 0.21505127, 0.130559251
 , , , 0.215509033, 0.163045093,  , , , 0.215509033, 0.130548209
 , , , 0.215966797, 0.163036555,  , , , 0.215966797, 0.130537167
 , , , 0.216424561, 0.163028032,  , , , 0.216424561, 0.130526111
 , , , 0.216882324, 0.163019553,  , , , 0.216882324, 0.130515039
 , , , 0.217340088, 0.163011089,  , , , 0.217340088, 0.130503967
 , , , 0.217797852, 0.16300267,  , , , 0.217797852, 0.130492881
 , , , 0.218255615, 0.162994266,  , , , 0.218255615, 0.130481794
 , , , 0.218713379, 0.162985906,  , , , 0.218713379, 0.130470708
 , , , 0.219171143, 0.162977561,  , , , 0.219171143, 0.130459592
 , , , 0.219628906, 0.162969261,  , , , 0.219628906, 0.13044849
 , , , 0.22008667, 0.162960976,  , , , 0.22008667, 0.130437359
 , , , 0.220544434, 0.162952721,  , , , 0.220544434, 0.130426243
 , , , 0.221002197, 0.162944496,  , , , 0.221002197, 0.130415097
 , , , 0.221459961, 0.1629363,  , , , 0.221459961, 0.130403966
 , , , 0.221917725, 0.162928134,  , , , 0.221917725, 0.13039282
 , , , 0.222375488, 0.162919998,  , , , 0.222375488, 0.130381659
 , , , 0.222833252, 0.162911892,  , , , 0.222833252, 0.130370498
 , , , 0.223291016, 0.162903816,  , , , 0.223291016, 0.130359322
 , , , 0.223748779, 0.162895754,  , , , 0.223748779, 0.130348146
 , , , 0.224206543, 0.162887737,  , , , 0.224206543, 0.130336955
 , , , 0.224664307, 0.162879735,  , , , 0.224664307, 0.130325764
 , , , 0.22512207, 0.162871763,  , , , 0.22512207, 0.130314574
 , , , 0.225579834, 0.162863821,  , , , 0.225579834, 0.130303368
 , , , 0.226037598, 0.162855908,  , , , 0.226037598, 0.130292162
 , , , 0.226495361, 0.162848026,  , , , 0.226495361, 0.130280942
 , , , 0.226953125, 0.162840173,  , , , 0.226953125, 0.130269721
 , , , 0.227410889, 0.162832335,  , , , 0.227410889, 0.130258486
 , , , 0.227868652, 0.162824526,  , , , 0.227868652, 0.13024725
 , , , 0.228326416, 0.162816748,  , , , 0.228326416, 0.130236015
 , , , 0.22878418, 0.162808999,  , , , 0.22878418, 0.130224764
 , , , 0.229241943, 0.162801281,  , , , 0.229241943, 0.130213499
 , , , 0.229699707, 0.162793577,  , , , 0.229699707, 0.130202249
 , , , 0.230157471, 0.162785903,  , , , 0.230157471, 0.130190983
 , , , 0.230615234, 0.162778258,  , , , 0.230615234, 0.130179703
 , , , 0.231072998, 0.162770644,  , , , 0.231072998, 0.130168438
 , , , 0.231530762, 0.162763059,  , , , 0.231530762, 0.130157143
 , , , 0.231988525, 0.162755489,  , , , 0.231988525, 0.130145863
 , , , 0.232446289, 0.162747949,  , , , 0.232446289, 0.130134568
 , , , 0.232904053, 0.162740439,  , , , 0.232904053, 0.130123273
 , , , 0.233361816, 0.162732944,  , , , 0.233361816, 0.130111963
 , , , 0.23381958, 0.162725493,  , , , 0.23381958, 0.130100653
 , , , 0.234277344, 0.162718058,  , , , 0.234277344, 0.130089343
 , , , 0.234735107, 0.162710637,  , , , 0.234735107, 0.130078018
 , , , 0.235192871, 0.162703261,  , , , 0.235192871, 0.130066708
 , , , 0.235650635, 0.1626959,  , , , 0.235650635, 0.130055368
 , , , 0.236108398, 0.162688568,  , , , 0.236108398, 0.130044043
 , , , 0.236566162, 0.162681252,  , , , 0.236566162, 0.130032703
 , , , 0.237023926, 0.16267398,  , , , 0.237023926, 0.130021363
 , , , 0.237481689, 0.162666708,  , , , 0.237481689, 0.130010009
 , , , 0.237939453, 0.162659481,  , , , 0.237939453, 0.129998654
 , , , 0.238397217, 0.162652269,  , , , 0.238397217, 0.129987299
 , , , 0.23885498, 0.162645087,  , , , 0.23885498, 0.129975945
 , , , 0.239312744, 0.162637934,  , , , 0.239312744, 0.129964575
 , , , 0.239770508, 0.162630796,  , , , 0.239770508, 0.129953206
 , , , 0.240228271, 0.162623689,  , , , 0.240228271, 0.129941821
 , , , 0.240686035, 0.162616596,  , , , 0.240686035, 0.129930452
 , , , 0.241143799, 0.162609532,  , , , 0.241143799, 0.129919067
 , , , 0.241601562, 0.162602499,  , , , 0.241601562, 0.129907683
 , , , 0.242059326, 0.162595481,  , , , 0.242059326, 0.129896283
 , , , 0.24251709, 0.162588492,  , , , 0.24251709, 0.129884899
 , , , 0.242974854, 0.162581533,  , , , 0.242974854, 0.129873499
 , , , 0.243432617, 0.162574589,  , , , 0.243432617, 0.1298621
 , , , 0.243890381, 0.162567675,  , , , 0.243890381, 0.129850686
 , , , 0.244348145, 0.162560776,  , , , 0.244348145, 0.129839286
 , , , 0.244805908, 0.162553906,  , , , 0.244805908, 0.129827872
 , , , 0.245263672, 0.162547052,  , , , 0.245263672, 0.129816458
 , , , 0.245721436, 0.162540227,  , , , 0.245721436, 0.129805028
 , , , 0.246179199, 0.162533432,  , , , 0.246179199, 0.129793614
 , , , 0.246636963, 0.162526652,  , , , 0.246636963, 0.129782185
 , , , 0.247094727, 0.162519902,  , , , 0.247094727, 0.129770756
 , , , 0.24755249, 0.162513167,  , , , 0.24755249, 0.129759312
 , , , 0.248010254, 0.162506461,  , , , 0.248010254, 0.129747882
 , , , 0.248468018, 0.162499771,  , , , 0.248468018, 0.129736438
 , , , 0.248925781, 0.16249311,  , , , 0.248925781, 0.129724994
 , , , 0.249383545, 0.162486464,  , , , 0.249383545, 0.12971355
 , , , 0.249841309, 0.162479848,  , , , 0.249841309, 0.129702106
 , , , 0.250299072, 0.162473246,  , , , 0.250299072, 0.129690647
 , , , 0.250756836, 0.162466675,  , , , 0.250756836, 0.129679188
 , , , 0.2512146, 0.162460119,  , , , 0.2512146, 0.129667729
 , , , 0.251672363, 0.162453577,  , , , 0.251672363, 0.12965627
 , , , 0.252130127, 0.16244708,  , , , 0.252130127, 0.129644811
 , , , 0.252587891, 0.162440583,  , , , 0.252587891, 0.129633337
 , , , 0.253045654, 0.162434116,  , , , 0.253045654, 0.129621878
 , , , 0.253503418, 0.162427679,  , , , 0.253503418, 0.129610404
 , , , 0.253961182, 0.162421256,  , , , 0.253961182, 0.12959893
 , , , 0.254418945, 0.162414849,  , , , 0.254418945, 0.129587442
 , , , 0.254876709, 0.162408471,  , , , 0.254876709, 0.129575968
 , , , 0.255334473, 0.162402108,  , , , 0.255334473, 0.129564479
 , , , 0.255792236, 0.162395775,  , , , 0.255792236, 0.129553005
 , , , 0.25625, 0.162389457,  , , , 0.25625, 0.129541516
 , , , 0.256707764, 0.162383154,  , , , 0.256707764, 0.129530028
 , , , 0.257165527, 0.162376881,  , , , 0.257165527, 0.129518539
 , , , 0.257623291, 0.162370622,  , , , 0.257623291, 0.129507035
 , , , 0.258081055, 0.162364393,  , , , 0.258081055, 0.129495546
 , , , 0.258538818, 0.16235818,  , , , 0.258538818, 0.129484043
 , , , 0.258996582, 0.162351996,  , , , 0.258996582, 0.129472539
 , , , 0.259454346, 0.162345812,  , , , 0.259454346, 0.129461035
 , , , 0.259912109, 0.162339658,  , , , 0.259912109, 0.129449531
 , , , 0.260369873, 0.162333533,  , , , 0.260369873, 0.129438028
 , , , 0.260827637, 0.162327424,  , , , 0.260827637, 0.129426524
 , , , 0.2612854, 0.162321329,  , , , 0.2612854, 0.129415005
 , , , 0.261743164, 0.162315249,  , , , 0.261743164, 0.129403502
 , , , 0.262200928, 0.1623092,  , , , 0.262200928, 0.129391983
 , , , 0.262658691, 0.162303165,  , , , 0.262658691, 0.129380465
 , , , 0.263116455, 0.162297159,  , , , 0.263116455, 0.129368946
 , , , 0.263574219, 0.162291154,  , , , 0.263574219, 0.129357427
 , , , 0.264031982, 0.162285179,  , , , 0.264031982, 0.129345909
 , , , 0.264489746, 0.162279233,  , , , 0.264489746, 0.12933439
 , , , 0.26494751, 0.162273288,  , , , 0.26494751, 0.129322857
 , , , 0.265405273, 0.162267372,  , , , 0.265405273, 0.129311338
 , , , 0.265863037, 0.162261471,  , , , 0.265863037, 0.129299805
 , , , 0.266320801, 0.1622556,  , , , 0.266320801, 0.129288271
 , , , 0.266778564, 0.162249729,  , , , 0.266778564, 0.129276752
 , , , 0.267236328, 0.162243888,  , , , 0.267236328, 0.129265219
 , , , 0.267694092, 0.162238076,  , , , 0.267694092, 0.129253685
 , , , 0.268151855, 0.162232265,  , , , 0.268151855, 0.129242152
 , , , 0.268609619, 0.162226483,  , , , 0.268609619, 0.129230604
 , , , 0.269067383, 0.162220716,  , , , 0.269067383, 0.12921907
 , , , 0.269525146, 0.162214965,  , , , 0.269525146, 0.129207537
 , , , 0.26998291, 0.162209228,  , , , 0.26998291, 0.129195988
 , , , 0.270440674, 0.162203521,  , , , 0.270440674, 0.129184455
 , , , 0.270898437, 0.162197813,  , , , 0.270898437, 0.129172906
 , , , 0.271356201, 0.162192136,  , , , 0.271356201, 0.129161358
 , , , 0.271813965, 0.162186489,  , , , 0.271813965, 0.129149809
 , , , 0.272271729, 0.162180841,  , , , 0.272271729, 0.129138261
 , , , 0.272729492, 0.162175208,  , , , 0.272729492, 0.129126728
 , , , 0.273187256, 0.162169605,  , , , 0.273187256, 0.129115164
 , , , 0.27364502, 0.162164018,  , , , 0.27364502, 0.129103616
 , , , 0.274102783, 0.162158445,  , , , 0.274102783, 0.129092067
 , , , 0.274560547, 0.162152886,  , , , 0.274560547, 0.129080519
 , , , 0.275018311, 0.162147358,  , , , 0.275018311, 0.129068971
 , , , 0.275476074, 0.16214183,  , , , 0.275476074, 0.129057407
 , , , 0.275933838, 0.162136331,  , , , 0.275933838, 0.129045859
 , , , 0.276391602, 0.162130833,  , , , 0.276391602, 0.129034296
 , , , 0.276849365, 0.162125364,  , , , 0.276849365, 0.129022747
 , , , 0.277307129, 0.16211991,  , , , 0.277307129, 0.129011184
 , , , 0.277764893, 0.162114471,  , , , 0.277764893, 0.128999636
 , , , 0.278222656, 0.162109047,  , , , 0.278222656, 0.128988072
 , , , 0.27868042, 0.162103653,  , , , 0.27868042, 0.128976509
 , , , 0.279138184, 0.162098259,  , , , 0.279138184, 0.128964946
 , , , 0.279595947, 0.162092879,  , , , 0.279595947, 0.128953382
 , , , 0.280053711, 0.16208753,  , , , 0.280053711, 0.128941819
 , , , 0.280511475, 0.162082195,  , , , 0.280511475, 0.128930256
 , , , 0.280969238, 0.162076861,  , , , 0.280969238, 0.128918692
 , , , 0.281427002, 0.162071556,  , , , 0.281427002, 0.128907129
 , , , 0.281884766, 0.162066266,  , , , 0.281884766, 0.128895566
 , , , 0.282342529, 0.162060991,  , , , 0.282342529, 0.128884003
 , , , 0.282800293, 0.162055731,  , , , 0.282800293, 0.128872439
 , , , 0.283258057, 0.162050471,  , , , 0.283258057, 0.128860876
 , , , 0.28371582, 0.16204524,  , , , 0.28371582, 0.128849313
 , , , 0.284173584, 0.162040025,  , , , 0.284173584, 0.128837734
 , , , 0.284631348, 0.162034824,  , , , 0.284631348, 0.128826171
 , , , 0.285089111, 0.162029639,  , , , 0.285089111, 0.128814608
 , , , 0.285546875, 0.162024468,  , , , 0.285546875, 0.12880303
 , , , 0.286004639, 0.162019312,  , , , 0.286004639, 0.128791466
 , , , 0.286462402, 0.162014171,  , , , 0.286462402, 0.128779903
 , , , 0.286920166, 0.162009045,  , , , 0.286920166, 0.128768325
 , , , 0.28737793, 0.162003934,  , , , 0.28737793, 0.128756762
 , , , 0.287835693, 0.161998838,  , , , 0.287835693, 0.128745183
 , , , 0.288293457, 0.161993757,  , , , 0.288293457, 0.12873362
 , , , 0.288751221, 0.16198869,  , , , 0.288751221, 0.128722042
 , , , 0.289208984, 0.161983639,  , , , 0.289208984, 0.128710479
 , , , 0.289666748, 0.161978602,  , , , 0.289666748, 0.1286989
 , , , 0.290124512, 0.161973566,  , , , 0.290124512, 0.128687322
 , , , 0.290582275, 0.161968559,  , , , 0.290582275, 0.128675759
 , , , 0.291040039, 0.161963552,  , , , 0.291040039, 0.128664181
 , , , 0.291497803, 0.161958575,  , , , 0.291497803, 0.128652617
 , , , 0.291955566, 0.161953598,  , , , 0.291955566, 0.128641039
 , , , 0.29241333, 0.161948651,  , , , 0.29241333, 0.128629461
 , , , 0.292871094, 0.161943704,  , , , 0.292871094, 0.128617898
 , , , 0.293328857, 0.161938772,  , , , 0.293328857, 0.128606319
 , , , 0.293786621, 0.161933854,  , , , 0.293786621, 0.128594741
 , , , 0.294244385, 0.161928952,  , , , 0.294244385, 0.128583163
 , , , 0.294702148, 0.161924064,  , , , 0.294702148, 0.1285716
 , , , 0.295159912, 0.161919191,  , , , 0.295159912, 0.128560022
 , , , 0.295617676, 0.161914319,  , , , 0.295617676, 0.128548443
 , , , 0.296075439, 0.161909476,  , , , 0.296075439, 0.12853688
 , , , 0.296533203, 0.161904633,  , , , 0.296533203, 0.128525302
 , , , 0.296990967, 0.161899805,  , , , 0.296990967, 0.128513724
 , , , 0.29744873, 0.161894992,  , , , 0.29744873, 0.12850216
 , , , 0.297906494, 0.161890194,  , , , 0.297906494, 0.128490582
 , , , 0.298364258, 0.161885411,  , , , 0.298364258, 0.128479004
 , , , 0.298822021, 0.161880627,  , , , 0.298822021, 0.128467426
 , , , 0.299279785, 0.161875859,  , , , 0.299279785, 0.128455862
 , , , 0.299737549, 0.16187112,  , , , 0.299737549, 0.128444284
 , , , 0.300195312, 0.161866382,  , , , 0.300195312, 0.128432706
 , , , 0.300653076, 0.161861643,  , , , 0.300653076, 0.128421143
 , , , 0.30111084, 0.161856934,  , , , 0.30111084, 0.128409564
 , , , 0.301568604, 0.161852226,  , , , 0.301568604, 0.128397986
 , , , 0.302026367, 0.161847532,  , , , 0.302026367, 0.128386423
 , , , 0.302484131, 0.161842853,  , , , 0.302484131, 0.128374845
 , , , 0.302941895, 0.161838189,  , , , 0.302941895, 0.128363267
 , , , 0.303399658, 0.161833525,  , , , 0.303399658, 0.128351703
 , , , 0.303857422, 0.16182889,  , , , 0.303857422, 0.128340125
 , , , 0.304315186, 0.161824256,  , , , 0.304315186, 0.128328562
 , , , 0.304772949, 0.161819622,  , , , 0.304772949, 0.128316984
 , , , 0.305230713, 0.161815017,  , , , 0.305230713, 0.128305405
 , , , 0.305688477, 0.161810413,  , , , 0.305688477, 0.128293842
 , , , 0.30614624, 0.161805823,  , , , 0.30614624, 0.128282264
 , , , 0.306604004, 0.161801249,  , , , 0.306604004, 0.128270701
 , , , 0.307061768, 0.161796674,  , , , 0.307061768, 0.128259122
 , , , 0.307519531, 0.161792114,  , , , 0.307519531, 0.128247559
 , , , 0.307977295, 0.16178757,  , , , 0.307977295, 0.128235981
 , , , 0.308435059, 0.16178304,  , , , 0.308435059, 0.128224418
 , , , 0.308892822, 0.16177851,  , , , 0.308892822, 0.128212839
 , , , 0.309350586, 0.161773995,  , , , 0.309350586, 0.128201276
 , , , 0.30980835, 0.16176948,  , , , 0.30980835, 0.128189713
 , , , 0.310266113, 0.161764994,  , , , 0.310266113, 0.128178135
 , , , 0.310723877, 0.161760509,  , , , 0.310723877, 0.128166571
 , , , 0.311181641, 0.161756024,  , , , 0.311181641, 0.128155008
 , , , 0.311639404, 0.161751568,  , , , 0.311639404, 0.12814343
 , , , 0.312097168, 0.161747113,  , , , 0.312097168, 0.128131866
 , , , 0.312554932, 0.161742657,  , , , 0.312554932, 0.128120303
 , , , 0.313012695, 0.161738217,  , , , 0.313012695, 0.12810874
 , , , 0.313470459, 0.161733791,  , , , 0.313470459, 0.128097162
 , , , 0.313928223, 0.16172938,  , , , 0.313928223, 0.128085598
 , , , 0.314385986, 0.16172497,  , , , 0.314385986, 0.128074035
 , , , 0.31484375, 0.161720574,  , , , 0.31484375, 0.128062472
 , , , 0.315301514, 0.161716178,  , , , 0.315301514, 0.128050908
 , , , 0.315759277, 0.161711797,  , , , 0.315759277, 0.128039345
 , , , 0.316217041, 0.161707431,  , , , 0.316217041, 0.128027782
 , , , 0.316674805, 0.161703065,  , , , 0.316674805, 0.128016219
 , , , 0.317132568, 0.161698714,  , , , 0.317132568, 0.128004655
 , , , 0.317590332, 0.161694363,  , , , 0.317590332, 0.127993092
 , , , 0.318048096, 0.161690027,  , , , 0.318048096, 0.127981529
 , , , 0.318505859, 0.161685705,  , , , 0.318505859, 0.127969965
 , , , 0.318963623, 0.161681384,  , , , 0.318963623, 0.127958402
 , , , 0.319421387, 0.161677077,  , , , 0.319421387, 0.127946854
 , , , 0.31987915, 0.161672771,  , , , 0.31987915, 0.12793529
 , , , 0.320336914, 0.161668479,  , , , 0.320336914, 0.127923727
 , , , 0.320794678, 0.161664188,  , , , 0.320794678, 0.127912164
 , , , 0.321252441, 0.161659911,  , , , 0.321252441, 0.127900615
 , , , 0.321710205, 0.16165565,  , , , 0.321710205, 0.127889052
 , , , 0.322167969, 0.161651388,  , , , 0.322167969, 0.127877504
 , , , 0.322625732, 0.161647126,  , , , 0.322625732, 0.12786594
 , , , 0.323083496, 0.161642879,  , , , 0.323083496, 0.127854392
 , , , 0.32354126, 0.161638647,  , , , 0.32354126, 0.127842829
 , , , 0.323999023, 0.161634415,  , , , 0.323999023, 0.12783128
 , , , 0.324456787, 0.161630183,  , , , 0.324456787, 0.127819717
 , , , 0.324914551, 0.161625966,  , , , 0.324914551, 0.127808169
 , , , 0.325372314, 0.161621764,  , , , 0.325372314, 0.12779662
 , , , 0.325830078, 0.161617562,  , , , 0.325830078, 0.127785057
 , , , 0.326287842, 0.16161336,  , , , 0.326287842, 0.127773508
 , , , 0.326745605, 0.161609173,  , , , 0.326745605, 0.12776196
 , , , 0.327203369, 0.161605,  , , , 0.327203369, 0.127750412
 , , , 0.327661133, 0.161600828,  , , , 0.327661133, 0.127738863
 , , , 0.328118896, 0.161596656,  , , , 0.328118896, 0.127727315
 , , , 0.32857666, 0.161592498,  , , , 0.32857666, 0.127715766
 , , , 0.329034424, 0.161588341,  , , , 0.329034424, 0.127704218
 , , , 0.329492187, 0.161584198,  , , , 0.329492187, 0.12769267
 , , , 0.329949951, 0.161580056,  , , , 0.329949951, 0.127681121
 , , , 0.330407715, 0.161575913,  , , , 0.330407715, 0.127669573
 , , , 0.330865479, 0.161571786,  , , , 0.330865479, 0.127658024
 , , , 0.331323242, 0.161567673,  , , , 0.331323242, 0.127646491
 , , , 0.331781006, 0.16156356,  , , , 0.331781006, 0.127634943
 , , , 0.33223877, 0.161559448,  , , , 0.33223877, 0.127623394
 , , , 0.332696533, 0.161555335,  , , , 0.332696533, 0.127611861
 , , , 0.333154297, 0.161551237,  , , , 0.333154297, 0.127600312
 , , , 0.333612061, 0.161547154,  , , , 0.333612061, 0.127588779
 , , , 0.334069824, 0.161543071,  , , , 0.334069824, 0.12757723
 , , , 0.334527588, 0.161538988,  , , , 0.334527588, 0.127565697
 , , , 0.334985352, 0.161534905,  , , , 0.334985352, 0.127554148
 , , , 0.335443115, 0.161530837,  , , , 0.335443115, 0.127542615
 , , , 0.335900879, 0.161526784,  , , , 0.335900879, 0.127531081
 , , , 0.336358643, 0.161522716,  , , , 0.336358643, 0.127519548
 , , , 0.336816406, 0.161518663,  , , , 0.336816406, 0.127508
 , , , 0.33727417, 0.161514625,  , , , 0.33727417, 0.127496466
 , , , 0.337731934, 0.161510572,  , , , 0.337731934, 0.127484933
 , , , 0.338189697, 0.161506534,  , , , 0.338189697, 0.127473399
 , , , 0.338647461, 0.16150251,  , , , 0.338647461, 0.127461866
 , , , 0.339105225, 0.161498472,  , , , 0.339105225, 0.127450332
 , , , 0.339562988, 0.161494449,  , , , 0.339562988, 0.127438799
 , , , 0.340020752, 0.161490425,  , , , 0.340020752, 0.12742728
 , , , 0.340478516, 0.161486417,  , , , 0.340478516, 0.127415746
 , , , 0.340936279, 0.161482409,  , , , 0.340936279, 0.127404213
 , , , 0.341394043, 0.1614784,  , , , 0.341394043, 0.127392679
 , , , 0.341851807, 0.161474407,  , , , 0.341851807, 0.127381161
 , , , 0.34230957, 0.161470398,  , , , 0.34230957, 0.127369627
 , , , 0.342767334, 0.161466405,  , , , 0.342767334, 0.127358109
 , , , 0.343225098, 0.161462426,  , , , 0.343225098, 0.127346575
 , , , 0.343682861, 0.161458433,  , , , 0.343682861, 0.127335057
 , , , 0.344140625, 0.161454454,  , , , 0.344140625, 0.127323538
 , , , 0.344598389, 0.161450475,  , , , 0.344598389, 0.127312005
 , , , 0.345056152, 0.161446512,  , , , 0.345056152, 0.127300486
 , , , 0.345513916, 0.161442533,  , , , 0.345513916, 0.127288967
 , , , 0.34597168, 0.161438569,  , , , 0.34597168, 0.127277449
 , , , 0.346429443, 0.161434606,  , , , 0.346429443, 0.12726593
 , , , 0.346887207, 0.161430642,  , , , 0.346887207, 0.127254412
 , , , 0.347344971, 0.161426693,  , , , 0.347344971, 0.127242893
 , , , 0.347802734, 0.161422744,  , , , 0.347802734, 0.127231374
 , , , 0.348260498, 0.161418796,  , , , 0.348260498, 0.127219856
 , , , 0.348718262, 0.161414847,  , , , 0.348718262, 0.127208337
 , , , 0.349176025, 0.161410898,  , , , 0.349176025, 0.127196819
 , , , 0.349633789, 0.161406964,  , , , 0.349633789, 0.127185315
 , , , 0.350091553, 0.16140303,  , , , 0.350091553, 0.127173796
 , , , 0.350549316, 0.161399096,  , , , 0.350549316, 0.127162278
 , , , 0.35100708, 0.161395162,  , , , 0.35100708, 0.127150774
 , , , 0.351464844, 0.161391228,  , , , 0.351464844, 0.127139255
 , , , 0.351922607, 0.161387309,  , , , 0.351922607, 0.127127752
 , , , 0.352380371, 0.161383376,  , , , 0.352380371, 0.127116248
 , , , 0.352838135, 0.161379457,  , , , 0.352838135, 0.127104729
 , , , 0.353295898, 0.161375538,  , , , 0.353295898, 0.127093226
 , , , 0.353753662, 0.161371619,  , , , 0.353753662, 0.127081722
 , , , 0.354211426, 0.1613677,  , , , 0.354211426, 0.127070218
 , , , 0.354669189, 0.161363795,  , , , 0.354669189, 0.127058715
 , , , 0.355126953, 0.161359876,  , , , 0.355126953, 0.127047211
 , , , 0.355584717, 0.161355972,  , , , 0.355584717, 0.127035707
 , , , 0.35604248, 0.161352068,  , , , 0.35604248, 0.127024204
 , , , 0.356500244, 0.161348164,  , , , 0.356500244, 0.1270127
 , , , 0.356958008, 0.16134426,  , , , 0.356958008, 0.127001196
 , , , 0.357415771, 0.161340356,  , , , 0.357415771, 0.126989707
 , , , 0.357873535, 0.161336452,  , , , 0.357873535, 0.126978204
 , , , 0.358331299, 0.161332548,  , , , 0.358331299, 0.1269667
 , , , 0.358789062, 0.161328658,  , , , 0.358789062, 0.126955211
 , , , 0.359246826, 0.161324754,  , , , 0.359246826, 0.126943707
 , , , 0.35970459, 0.161320865,  , , , 0.35970459, 0.126932219
 , , , 0.360162354, 0.161316961,  , , , 0.360162354, 0.126920715
 , , , 0.360620117, 0.161313072,  , , , 0.360620117, 0.126909226
 , , , 0.361077881, 0.161309183,  , , , 0.361077881, 0.126897737
 , , , 0.361535645, 0.161305293,  , , , 0.361535645, 0.126886249
 , , , 0.361993408, 0.161301404,  , , , 0.361993408, 0.12687476
 , , , 0.362451172, 0.161297515,  , , , 0.362451172, 0.126863271
 , , , 0.362908936, 0.161293626,  , , , 0.362908936, 0.126851782
 , , , 0.363366699, 0.161289737,  , , , 0.363366699, 0.126840293
 , , , 0.363824463, 0.161285847,  , , , 0.363824463, 0.126828805
 , , , 0.364282227, 0.161281958,  , , , 0.364282227, 0.126817316
 , , , 0.36473999, 0.161278069,  , , , 0.36473999, 0.126805827
 , , , 0.365197754, 0.16127418,  , , , 0.365197754, 0.126794353
 , , , 0.365655518, 0.161270291,  , , , 0.365655518, 0.126782864
 , , , 0.366113281, 0.161266401,  , , , 0.366113281, 0.126771376
 , , , 0.366571045, 0.161262527,  , , , 0.366571045, 0.126759902
 , , , 0.367028809, 0.161258638,  , , , 0.367028809, 0.126748413
 , , , 0.367486572, 0.161254749,  , , , 0.367486572, 0.126736939
 , , , 0.367944336, 0.161250859,  , , , 0.367944336, 0.126725465
 , , , 0.3684021, 0.16124697,  , , , 0.3684021, 0.126713976
 , , , 0.368859863, 0.161243081,  , , , 0.368859863, 0.126702502
 , , , 0.369317627, 0.161239192,  , , , 0.369317627, 0.126691028
 , , , 0.369775391, 0.161235303,  , , , 0.369775391, 0.126679555
 , , , 0.370233154, 0.161231413,  , , , 0.370233154, 0.126668081
 , , , 0.370690918, 0.161227524,  , , , 0.370690918, 0.126656607
 , , , 0.371148682, 0.161223635,  , , , 0.371148682, 0.126645133
 , , , 0.371606445, 0.161219746,  , , , 0.371606445, 0.126633659
 , , , 0.372064209, 0.161215857,  , , , 0.372064209, 0.1266222
 , , , 0.372521973, 0.161211953,  , , , 0.372521973, 0.126610726
 , , , 0.372979736, 0.161208063,  , , , 0.372979736, 0.126599252
 , , , 0.3734375, 0.161204174,  , , , 0.3734375, 0.126587793
 , , , 0.373895264, 0.16120027,  , , , 0.373895264, 0.126576319
 , , , 0.374353027, 0.161196381,  , , , 0.374353027, 0.12656486
 , , , 0.374810791, 0.161192477,  , , , 0.374810791, 0.126553386
 , , , 0.375268555, 0.161188573,  , , , 0.375268555, 0.126541927
 , , , 0.375726318, 0.161184669,  , , , 0.375726318, 0.126530468
 , , , 0.376184082, 0.161180764,  , , , 0.376184082, 0.126519009
 , , , 0.376641846, 0.16117686,  , , , 0.376641846, 0.126507536
 , , , 0.377099609, 0.161172956,  , , , 0.377099609, 0.126496077
 , , , 0.377557373, 0.161169052,  , , , 0.377557373, 0.126484618
 , , , 0.378015137, 0.161165133,  , , , 0.378015137, 0.126473159
 , , , 0.3784729, 0.161161229,  , , , 0.3784729, 0.126461715
 , , , 0.378930664, 0.16115731,  , , , 0.378930664, 0.126450256
 , , , 0.379388428, 0.161153391,  , , , 0.379388428, 0.126438797
 , , , 0.379846191, 0.161149472,  , , , 0.379846191, 0.126427338
 , , , 0.380303955, 0.161145553,  , , , 0.380303955, 0.126415893
 , , , 0.380761719, 0.161141619,  , , , 0.380761719, 0.126404434
 , , , 0.381219482, 0.1611377,  , , , 0.381219482, 0.12639299
 , , , 0.381677246, 0.161133766,  , , , 0.381677246, 0.126381531
 , , , 0.38213501, 0.161129832,  , , , 0.38213501, 0.126370087
 , , , 0.382592773, 0.161125898,  , , , 0.382592773, 0.126358643
 , , , 0.383050537, 0.161121964,  , , , 0.383050537, 0.126347184
 , , , 0.383508301, 0.161118031,  , , , 0.383508301, 0.12633574
 , , , 0.383966064, 0.161114082,  , , , 0.383966064, 0.126324296
 , , , 0.384423828, 0.161110133,  , , , 0.384423828, 0.126312852
 , , , 0.384881592, 0.161106199,  , , , 0.384881592, 0.126301408
 , , , 0.385339355, 0.161102235,  , , , 0.385339355, 0.126289964
 , , , 0.385797119, 0.161098287,  , , , 0.385797119, 0.12627852
 , , , 0.386254883, 0.161094323,  , , , 0.386254883, 0.12626709
 , , , 0.386712646, 0.161090374,  , , , 0.386712646, 0.126255646
 , , , 0.38717041, 0.161086395,  , , , 0.38717041, 0.126244202
 , , , 0.387628174, 0.161082432,  , , , 0.387628174, 0.126232773
 , , , 0.388085937, 0.161078468,  , , , 0.388085937, 0.126221329
 , , , 0.388543701, 0.161074489,  , , , 0.388543701, 0.1262099
 , , , 0.389001465, 0.161070511,  , , , 0.389001465, 0.126198456
 , , , 0.389459229, 0.161066532,  , , , 0.389459229, 0.126187027
 , , , 0.389916992, 0.161062539,  , , , 0.389916992, 0.126175597
 , , , 0.390374756, 0.161058545,  , , , 0.390374756, 0.126164168
 , , , 0.39083252, 0.161054552,  , , , 0.39083252, 0.126152739
 , , , 0.391290283, 0.161050558,  , , , 0.391290283, 0.12614131
 , , , 0.391748047, 0.16104655,  , , , 0.391748047, 0.126129881
 , , , 0.392205811, 0.161042556,  , , , 0.392205811, 0.126118451
 , , , 0.392663574, 0.161038533,  , , , 0.392663574, 0.126107022
 , , , 0.393121338, 0.161034524,  , , , 0.393121338, 0.126095593
 , , , 0.393579102, 0.161030501,  , , , 0.393579102, 0.126084164
 , , , 0.394036865, 0.161026478,  , , , 0.394036865, 0.126072749
 , , , 0.394494629, 0.161022455,  , , , 0.394494629, 0.12606132
 , , , 0.394952393, 0.161018416,  , , , 0.394952393, 0.126049891
 , , , 0.395410156, 0.161014378,  , , , 0.395410156, 0.126038477
 , , , 0.39586792, 0.16101034,  , , , 0.39586792, 0.126027063
 , , , 0.396325684, 0.161006287,  , , , 0.396325684, 0.126015633
 , , , 0.396783447, 0.161002234,  , , , 0.396783447, 0.126004219
 , , , 0.397241211, 0.160998181,  , , , 0.397241211, 0.125992805
 , , , 0.397698975, 0.160994112,  , , , 0.397698975, 0.12598139
 , , , 0.398156738, 0.160990059,  , , , 0.398156738, 0.125969976
 , , , 0.398614502, 0.160985976,  , , , 0.398614502, 0.125958562
 , , , 0.399072266, 0.160981908,  , , , 0.399072266, 0.125947148
 , , , 0.399530029, 0.160977826,  , , , 0.399530029, 0.125935733
 , , , 0.399987793, 0.160973728,  , , , 0.399987793, 0.125924319
 , , , 0.400445557, 0.16096963,  , , , 0.400445557, 0.125912905
 , , , 0.40090332, 0.160965532,  , , , 0.40090332, 0.125901505
 , , , 0.401361084, 0.160961434,  , , , 0.401361084, 0.125890091
 , , , 0.401818848, 0.160957322,  , , , 0.401818848, 0.125878692
 , , , 0.402276611, 0.160953209,  , , , 0.402276611, 0.125867277
 , , , 0.402734375, 0.160949081,  , , , 0.402734375, 0.125855878
 , , , 0.403192139, 0.160944954,  , , , 0.403192139, 0.125844464
 , , , 0.403649902, 0.160940811,  , , , 0.403649902, 0.125833064
 , , , 0.404107666, 0.160936683,  , , , 0.404107666, 0.125821665
 , , , 0.40456543, 0.160932526,  , , , 0.40456543, 0.125810266
 , , , 0.405023193, 0.160928383,  , , , 0.405023193, 0.125798866
 , , , 0.405480957, 0.160924211,  , , , 0.405480957, 0.125787467
 , , , 0.405938721, 0.160920054,  , , , 0.405938721, 0.125776067
 , , , 0.406396484, 0.160915881,  , , , 0.406396484, 0.125764668
 , , , 0.406854248, 0.160911694,  , , , 0.406854248, 0.125753269
 , , , 0.407312012, 0.160907522,  , , , 0.407312012, 0.125741884
 , , , 0.407769775, 0.16090332,  , , , 0.407769775, 0.125730485
 , , , 0.408227539, 0.160899132,  , , , 0.408227539, 0.125719085
 , , , 0.408685303, 0.160894915,  , , , 0.408685303, 0.125707701
 , , , 0.409143066, 0.160890713,  , , , 0.409143066, 0.125696301
 , , , 0.40960083, 0.160886496,  , , , 0.40960083, 0.125684917
 , , , 0.410058594, 0.160882264,  , , , 0.410058594, 0.125673532
 , , , 0.410516357, 0.160878032,  , , , 0.410516357, 0.125662133
 , , , 0.410974121, 0.160873786,  , , , 0.410974121, 0.125650749
 , , , 0.411431885, 0.160869539,  , , , 0.411431885, 0.125639364
 , , , 0.411889648, 0.160865292,  , , , 0.411889648, 0.12562798
 , , , 0.412347412, 0.16086103,  , , , 0.412347412, 0.125616595
 , , , 0.412805176, 0.160856754,  , , , 0.412805176, 0.125605211
 , , , 0.413262939, 0.160852477,  , , , 0.413262939, 0.125593826
 , , , 0.413720703, 0.1608482,  , , , 0.413720703, 0.125582457
 , , , 0.414178467, 0.160843909,  , , , 0.414178467, 0.125571072
 , , , 0.41463623, 0.160839602,  , , , 0.41463623, 0.125559688
 , , , 0.415093994, 0.160835296,  , , , 0.415093994, 0.125548318
 , , , 0.415551758, 0.160830989,  , , , 0.415551758, 0.125536934
 , , , 0.416009521, 0.160826668,  , , , 0.416009521, 0.125525564
 , , , 0.416467285, 0.160822332,  , , , 0.416467285, 0.125514179
 , , , 0.416925049, 0.160817996,  , , , 0.416925049, 0.12550281
 , , , 0.417382812, 0.160813645,  , , , 0.417382812, 0.12549144
 , , , 0.417840576, 0.160809293,  , , , 0.417840576, 0.125480071
 , , , 0.41829834, 0.160804927,  , , , 0.41829834, 0.125468686
 , , , 0.418756104, 0.160800561,  , , , 0.418756104, 0.125457317
 , , , 0.419213867, 0.16079618,  , , , 0.419213867, 0.125445947
 , , , 0.419671631, 0.160791785,  , , , 0.419671631, 0.125434592
 , , , 0.420129395, 0.160787389,  , , , 0.420129395, 0.125423223
 , , , 0.420587158, 0.160782978,  , , , 0.420587158, 0.125411853
 , , , 0.421044922, 0.160778567,  , , , 0.421044922, 0.125400484
 , , , 0.421502686, 0.160774142,  , , , 0.421502686, 0.125389129
 , , , 0.421960449, 0.160769716,  , , , 0.421960449, 0.125377759
 , , , 0.422418213, 0.160765275,  , , , 0.422418213, 0.125366405
 , , , 0.422875977, 0.16076082,  , , , 0.422875977, 0.125355035
 , , , 0.42333374, 0.160756364,  , , , 0.42333374, 0.12534368
 , , , 0.423791504, 0.160751894,  , , , 0.423791504, 0.125332311
 , , , 0.424249268, 0.160747424,  , , , 0.424249268, 0.125320956
 , , , 0.424707031, 0.160742939,  , , , 0.424707031, 0.125309601
 , , , 0.425164795, 0.160738438,  , , , 0.425164795, 0.125298247
 , , , 0.425622559, 0.160733938,  , , , 0.425622559, 0.125286892
 , , , 0.426080322, 0.160729423,  , , , 0.426080322, 0.125275537
 , , , 0.426538086, 0.160724908,  , , , 0.426538086, 0.125264183
 , , , 0.42699585, 0.160720363,  , , , 0.42699585, 0.125252828
 , , , 0.427453613, 0.160715833,  , , , 0.427453613, 0.125241488
 , , , 0.427911377, 0.160711274,  , , , 0.427911377, 0.125230134
 , , , 0.428369141, 0.160706714,  , , , 0.428369141, 0.125218779
 , , , 0.428826904, 0.160702139,  , , , 0.428826904, 0.125207439
 , , , 0.429284668, 0.160697564,  , , , 0.429284668, 0.125196084
 , , , 0.429742432, 0.160692975,  , , , 0.429742432, 0.125184745
 , , , 0.430200195, 0.16068837,  , , , 0.430200195, 0.125173405
 , , , 0.430657959, 0.160683751,  , , , 0.430657959, 0.12516205
 , , , 0.431115723, 0.160679132,  , , , 0.431115723, 0.12515071
 , , , 0.431573486, 0.160674512,  , , , 0.431573486, 0.125139371
 , , , 0.43203125, 0.160669863,  , , , 0.43203125, 0.125128031
 , , , 0.432489014, 0.160665214,  , , , 0.432489014, 0.125116691
 , , , 0.432946777, 0.16066055,  , , , 0.432946777, 0.125105351
 , , , 0.433404541, 0.160655871,  , , , 0.433404541, 0.125094011
 , , , 0.433862305, 0.160651192,  , , , 0.433862305, 0.125082672
 , , , 0.434320068, 0.160646498,  , , , 0.434320068, 0.125071347
 , , , 0.434777832, 0.160641789,  , , , 0.434777832, 0.125060007
 , , , 0.435235596, 0.160637081,  , , , 0.435235596, 0.125048667
 , , , 0.435693359, 0.160632357,  , , , 0.435693359, 0.125037342
 , , , 0.436151123, 0.160627618,  , , , 0.436151123, 0.125026003
 , , , 0.436608887, 0.160622865,  , , , 0.436608887, 0.125014678
 , , , 0.43706665, 0.160618111,  , , , 0.43706665, 0.125003353
 , , , 0.437524414, 0.160613343,  , , , 0.437524414, 0.12499202
 , , , 0.437982178, 0.16060856,  , , , 0.437982178, 0.124980688
 , , , 0.438439941, 0.160603762,  , , , 0.438439941, 0.124969363
 , , , 0.438897705, 0.160598963,  , , , 0.438897705, 0.124958038
 , , , 0.439355469, 0.16059415,  , , , 0.439355469, 0.124946713
 , , , 0.439813232, 0.160589322,  , , , 0.439813232, 0.124935389
 , , , 0.440270996, 0.16058448,  , , , 0.440270996, 0.124924064
 , , , 0.44072876, 0.160579637,  , , , 0.44072876, 0.124912746
 , , , 0.441186523, 0.160574779,  , , , 0.441186523, 0.124901421
 , , , 0.441644287, 0.160569906,  , , , 0.441644287, 0.124890104
 , , , 0.442102051, 0.160565019,  , , , 0.442102051, 0.124878787
 , , , 0.442559814, 0.160560131,  , , , 0.442559814, 0.124867469
 , , , 0.443017578, 0.160555214,  , , , 0.443017578, 0.124856152
 , , , 0.443475342, 0.160550296,  , , , 0.443475342, 0.124844834
 , , , 0.443933105, 0.160545364,  , , , 0.443933105, 0.124833524
 , , , 0.444390869, 0.160540417,  , , , 0.444390869, 0.124822207
 , , , 0.444848633, 0.16053547,  , , , 0.444848633, 0.124810897
 , , , 0.445306396, 0.160530508,  , , , 0.445306396, 0.124799587
 , , , 0.44576416, 0.160525516,  , , , 0.44576416, 0.124788277
 , , , 0.446221924, 0.160520524,  , , , 0.446221924, 0.124776967
 , , , 0.446679687, 0.160515532,  , , , 0.446679687, 0.124765657
 , , , 0.447137451, 0.16051051,  , , , 0.447137451, 0.124754354
 , , , 0.447595215, 0.160505474,  , , , 0.447595215, 0.124743044
 , , , 0.448052979, 0.160500437,  , , , 0.448052979, 0.124731742
 , , , 0.448510742, 0.160495386,  , , , 0.448510742, 0.124720432
 , , , 0.448968506, 0.160490319,  , , , 0.448968506, 0.124709129
 , , , 0.44942627, 0.160485238,  , , , 0.44942627, 0.124697827
 , , , 0.449884033, 0.160480142,  , , , 0.449884033, 0.124686532
 , , , 0.450341797, 0.160475045,  , , , 0.450341797, 0.124675229
 , , , 0.450799561, 0.160469919,  , , , 0.450799561, 0.124663927
 , , , 0.451257324, 0.160464793,  , , , 0.451257324, 0.124652632
 , , , 0.451715088, 0.160459638,  , , , 0.451715088, 0.124641337
 , , , 0.452172852, 0.160454482,  , , , 0.452172852, 0.124630034
 , , , 0.452630615, 0.160449311,  , , , 0.452630615, 0.124618739
 , , , 0.453088379, 0.16044414,  , , , 0.453088379, 0.124607451
 , , , 0.453546143, 0.16043894,  , , , 0.453546143, 0.124596156
 , , , 0.454003906, 0.160433725,  , , , 0.454003906, 0.124584861
 , , , 0.45446167, 0.160428509,  , , , 0.45446167, 0.124573573
 , , , 0.454919434, 0.160423264,  , , , 0.454919434, 0.124562278
 , , , 0.455377197, 0.160418019,  , , , 0.455377197, 0.124550991
 , , , 0.455834961, 0.160412744,  , , , 0.455834961, 0.124539703
 , , , 0.456292725, 0.160407469,  , , , 0.456292725, 0.124528416
 , , , 0.456750488, 0.160402179,  , , , 0.456750488, 0.124517135
 , , , 0.457208252, 0.160396874,  , , , 0.457208252, 0.124505848
 , , , 0.457666016, 0.160391554,  , , , 0.457666016, 0.12449456
 , , , 0.458123779, 0.16038622,  , , , 0.458123779, 0.12448328
 , , , 0.458581543, 0.16038087,  , , , 0.458581543, 0.124472
 , , , 0.459039307, 0.160375506,  , , , 0.459039307, 0.12446072
 , , , 0.45949707, 0.160370141,  , , , 0.45949707, 0.124449439
 , , , 0.459954834, 0.160364747,  , , , 0.459954834, 0.124438159
 , , , 0.460412598, 0.160359338,  , , , 0.460412598, 0.124426879
 , , , 0.460870361, 0.160353929,  , , , 0.460870361, 0.124415606
 , , , 0.461328125, 0.16034849,  , , , 0.461328125, 0.124404326
 , , , 0.461785889, 0.160343051,  , , , 0.461785889, 0.124393053
 , , , 0.462243652, 0.160337582,  , , , 0.462243652, 0.124381781
 , , , 0.462701416, 0.160332114,  , , , 0.462701416, 0.124370508
 , , , 0.46315918, 0.160326615,  , , , 0.46315918, 0.124359235
 , , , 0.463616943, 0.160321116,  , , , 0.463616943, 0.124347962
 , , , 0.464074707, 0.160315588,  , , , 0.464074707, 0.124336697
 , , , 0.464532471, 0.16031006,  , , , 0.464532471, 0.124325424
 , , , 0.464990234, 0.160304517,  , , , 0.464990234, 0.124314159
 , , , 0.465447998, 0.160298944,  , , , 0.465447998, 0.124302894
 , , , 0.465905762, 0.16029337,  , , , 0.465905762, 0.124291629
 , , , 0.466363525, 0.160287768,  , , , 0.466363525, 0.124280363
 , , , 0.466821289, 0.160282165,  , , , 0.466821289, 0.124269098
 , , , 0.467279053, 0.160276532,  , , , 0.467279053, 0.124257833
 , , , 0.467736816, 0.1602709,  , , , 0.467736816, 0.124246575
 , , , 0.46819458, 0.160265237,  , , , 0.46819458, 0.12423531
 , , , 0.468652344, 0.160259575,  , , , 0.468652344, 0.124224052
 , , , 0.469110107, 0.160253882,  , , , 0.469110107, 0.124212794
 , , , 0.469567871, 0.16024819,  , , , 0.469567871, 0.124201536
 , , , 0.470025635, 0.160242468,  , , , 0.470025635, 0.124190278
 , , , 0.470483398, 0.160236731,  , , , 0.470483398, 0.124179028
 , , , 0.470941162, 0.160230994,  , , , 0.470941162, 0.12416777
 , , , 0.471398926, 0.160225227,  , , , 0.471398926, 0.12415652
 , , , 0.471856689, 0.160219446,  , , , 0.471856689, 0.124145262
 , , , 0.472314453, 0.160213649,  , , , 0.472314453, 0.124134012
 , , , 0.472772217, 0.160207838,  , , , 0.472772217, 0.124122761
 , , , 0.47322998, 0.160202011,  , , , 0.47322998, 0.124111511
 , , , 0.473687744, 0.16019617,  , , , 0.473687744, 0.124100268
 , , , 0.474145508, 0.160190314,  , , , 0.474145508, 0.124089018
 , , , 0.474603271, 0.160184443,  , , , 0.474603271, 0.124077775
 , , , 0.475061035, 0.160178542,  , , , 0.475061035, 0.124066524
 , , , 0.475518799, 0.160172641,  , , , 0.475518799, 0.124055281
 , , , 0.475976562, 0.160166711,  , , , 0.475976562, 0.124044038
 , , , 0.476434326, 0.16016078,  , , , 0.476434326, 0.124032795
 , , , 0.47689209, 0.160154819,  , , , 0.47689209, 0.124021553
 , , , 0.477349854, 0.160148844,  , , , 0.477349854, 0.124010317
 , , , 0.477807617, 0.160142854,  , , , 0.477807617, 0.123999074
 , , , 0.478265381, 0.160136849,  , , , 0.478265381, 0.123987839
 , , , 0.478723145, 0.160130829,  , , , 0.478723145, 0.123976603
 , , , 0.479180908, 0.160124794,  , , , 0.479180908, 0.12396536
 , , , 0.479638672, 0.160118729,  , , , 0.479638672, 0.123954132
 , , , 0.480096436, 0.160112664,  , , , 0.480096436, 0.123942897
 , , , 0.480554199, 0.16010657,  , , , 0.480554199, 0.123931661
 , , , 0.481011963, 0.16010046,  , , , 0.481011963, 0.123920426
 , , , 0.481469727, 0.160094336,  , , , 0.481469727, 0.123909198
 , , , 0.48192749, 0.160088196,  , , , 0.48192749, 0.12389797
 , , , 0.482385254, 0.160082042,  , , , 0.482385254, 0.123886742
 , , , 0.482843018, 0.160075873,  , , , 0.482843018, 0.123875514
 , , , 0.483300781, 0.160069674,  , , , 0.483300781, 0.123864286
 , , , 0.483758545, 0.160063475,  , , , 0.483758545, 0.123853058
 , , , 0.484216309, 0.160057247,  , , , 0.484216309, 0.12384183
 , , , 0.484674072, 0.160051003,  , , , 0.484674072, 0.123830609
 , , , 0.485131836, 0.16004473,  , , , 0.485131836, 0.123819388
 , , , 0.4855896, 0.160038456,  , , , 0.4855896, 0.12380816
 , , , 0.486047363, 0.160032168,  , , , 0.486047363, 0.12379694
 , , , 0.486505127, 0.16002585,  , , , 0.486505127, 0.123785727
 , , , 0.486962891, 0.160019517,  , , , 0.486962891, 0.123774506
 , , , 0.487420654, 0.160013169,  , , , 0.487420654, 0.123763286
 , , , 0.487878418, 0.160006791,  , , , 0.487878418, 0.123752072
 , , , 0.488336182, 0.160000414,  , , , 0.488336182, 0.123740852
 , , , 0.488793945, 0.159994006,  , , , 0.488793945, 0.123729639
 , , , 0.489251709, 0.159987584,  , , , 0.489251709, 0.123718426
 , , , 0.489709473, 0.159981146,  , , , 0.489709473, 0.123707213
 , , , 0.490167236, 0.159974694,  , , , 0.490167236, 0.123695999
 , , , 0.490625, 0.159968212,  , , , 0.490625, 0.123684786
 , , , 0.491082764, 0.15996173,  , , , 0.491082764, 0.123673581
 , , , 0.491540527, 0.159955218,  , , , 0.491540527, 0.123662367
 , , , 0.491998291, 0.159948677,  , , , 0.491998291, 0.123651162
 , , , 0.492456055, 0.159942135,  , , , 0.492456055, 0.123639956
 , , , 0.492913818, 0.159935564,  , , , 0.492913818, 0.12362875
 , , , 0.493371582, 0.159928977,  , , , 0.493371582, 0.123617545
 , , , 0.493829346, 0.159922376,  , , , 0.493829346, 0.123606339
 , , , 0.494287109, 0.15991576,  , , , 0.494287109, 0.123595141
 , , , 0.494744873, 0.159909114,  , , , 0.494744873, 0.123583935
 , , , 0.495202637, 0.159902453,  , , , 0.495202637, 0.123572737
 , , , 0.4956604, 0.159895778,  , , , 0.4956604, 0.123561539
 , , , 0.496118164, 0.159889087,  , , , 0.496118164, 0.123550341
 , , , 0.496575928, 0.159882367,  , , , 0.496575928, 0.123539142
