# alpha fixed to 1.0310

xData0, data0, errData0, xTheory0, theory0, xData1, data1, errData1, xTheory1, theory1
0.00386962891, 0.171457022, 0.000756764834, 0.000817871094, 0.175050601, 0.00386962891, 0.172662541, 0.00123201651, 0.000817871094, 0.175050601
0.0160766602, 0.167976156, 0.000697272089, 0.00234375, 0.173745573, 0.0160766602, 0.174435794, 0.00113232668, 0.00234375, 0.173745573
0.0282836914, 0.159281626, 0.00069888007, 0.00386962891, 0.172476247, 0.0282836914, 0.171640977, 0.00113509711, 0.00386962891, 0.172476247
0.0404907227, 0.151905745, 0.000701541458, 0.00539550781, 0.171241596, 0.0404907227, 0.172622547, 0.00113844518, 0.00539550781, 0.171241596
0.0526977539, 0.142700195, 0.000704118144, 0.00692138672, 0.170040697, 0.0526977539, 0.168535218, 0.00114308632, 0.00692138672, 0.170040697
0.0649047852, 0.13926056, 0.000705807136, 0.00844726562, 0.16887258, 0.0649047852, 0.168141291, 0.00114680101, 0.00844726562, 0.16887258
0.0771118164, 0.136028782, 0.000708852806, 0.00997314453, 0.167736351, 0.0771118164, 0.170630023, 0.00114884146, 0.00997314453, 0.167736351
0.0893188477, 0.134729788, 0.000710455944, 0.0114990234, 0.166631132, 0.0893188477, 0.168095097, 0.00115219177, 0.0114990234, 0.166631132
0.101525879, 0.134367481, 0.00071263144, 0.0130249023, 0.165556058, 0.101525879, 0.168073177, 0.00115463051, 0.0130249023, 0.165556058
0.11373291, 0.133799106, 0.00071467396, 0.0145507812, 0.16451031, 0.11373291, 0.166574702, 0.001159733, 0.0145507812, 0.16451031
0.125939941, 0.133937418, 0.000716031973, 0.0160766602, 0.163493037, 0.125939941, 0.166596338, 0.00116138907, 0.0160766602, 0.163493037
0.138146973, 0.134978861, 0.000718872364, 0.0176025391, 0.162503496, 0.138146973, 0.166213751, 0.00116418563, 0.0176025391, 0.162503496
0.150354004, 0.134341836, 0.000721018971, 0.019128418, 0.161540881, 0.150354004, 0.165627703, 0.00116865267, 0.019128418, 0.161540881
0.162561035, 0.133640513, 0.000722963696, 0.0206542969, 0.160604477, 0.162561035, 0.165855423, 0.00117202332, 0.0206542969, 0.160604477
0.174768066, 0.133753225, 0.000724519403, 0.0221801758, 0.159693539, 0.174768066, 0.163491905, 0.00117584758, 0.0221801758, 0.159693539
0.186975098, 0.134359911, 0.000727116648, 0.0237060547, 0.158807352, 0.186975098, 0.166592464, 0.00117763088, 0.0237060547, 0.158807352
0.199182129, 0.132729307, 0.000728662069, 0.0252319336, 0.15794526, 0.199182129, 0.167023852, 0.00118324499, 0.0252319336, 0.15794526
0.21138916, 0.132453576, 0.000731059598, 0.0267578125, 0.157106578, 0.21138916, 0.16572237, 0.00118525219, 0.0267578125, 0.157106578
0.223596191, 0.130999371, 0.000732889894, 0.0282836914, 0.156290665, 0.223596191, 0.164919093, 0.00118860015, 0.0282836914, 0.156290665
0.235803223, 0.130560264, 0.000734780637, 0.0298095703, 0.15549688, 0.235803223, 0.163742363, 0.00119277205, 0.0298095703, 0.15549688
0.248010254, 0.130940318, 0.00073725033, 0.0313354492, 0.154724613, 0.248010254, 0.163242251, 0.00119439218, 0.0313354492, 0.154724613
0.260217285, 0.130825073, 0.00073873205, 0.0328613281, 0.153973281, 0.260217285, 0.162553772, 0.00119910294, 0.0328613281, 0.153973281
0.272424316, 0.130372629, 0.000741277044, 0.034387207, 0.153242275, 0.272424316, 0.161849394, 0.00120235279, 0.034387207, 0.153242275
0.284631348, 0.128895447, 0.00074347507, 0.0359130859, 0.152531072, 0.284631348, 0.162289172, 0.00120636551, 0.0359130859, 0.152531072
0.296838379, 0.129347548, 0.000745245511, 0.0374389648, 0.151839092, 0.296838379, 0.163985267, 0.00120974722, 0.0374389648, 0.151839092
0.30904541, 0.129864797, 0.000746696041, 0.0389648437, 0.151165813, 0.30904541, 0.162595943, 0.00121382482, 0.0389648437, 0.151165813
0.321252441, 0.127411738, 0.000749829934, 0.0404907227, 0.150510713, 0.321252441, 0.165464118, 0.00121526527, 0.0404907227, 0.150510713
0.333459473, 0.128999859, 0.000751782808, 0.0420166016, 0.149873301, 0.333459473, 0.162199944, 0.00121943581, 0.0420166016, 0.149873301
0.345666504, 0.129426345, 0.000753589014, 0.0435424805, 0.14925307, 0.345666504, 0.162052795, 0.00122291959, 0.0435424805, 0.14925307
0.357873535, 0.12638706, 0.000756122727, 0.0450683594, 0.148649558, 0.357873535, 0.164903849, 0.00122528837, 0.0450683594, 0.148649558
0.370080566, 0.127460033, 0.000757875268, 0.0465942383, 0.148062289, 0.370080566, 0.163125873, 0.00122851045, 0.0465942383, 0.148062289
0.382287598, 0.12849845, 0.000760071046, 0.0481201172, 0.147490829, 0.382287598, 0.16263181, 0.00123070369, 0.0481201172, 0.147490829
0.394494629, 0.128003508, 0.000761893369, 0.0496459961, 0.146934733, 0.394494629, 0.161964715, 0.00123582925, 0.0496459961, 0.146934733
0.40670166, 0.126463681, 0.000764080131, 0.051171875, 0.146393567, 0.40670166, 0.16260533, 0.00124011594, 0.051171875, 0.146393567
0.418908691, 0.126242131, 0.000766450051, 0.0526977539, 0.14586693, 0.418908691, 0.161726594, 0.0012429799, 0.0526977539, 0.14586693
0.431115723, 0.126464382, 0.000768955116, 0.0542236328, 0.14535442, 0.431115723, 0.160999194, 0.00124691626, 0.0542236328, 0.14535442
0.443322754, 0.127252638, 0.000770745877, 0.0557495117, 0.144855633, 0.443322754, 0.161402568, 0.00125079869, 0.0557495117, 0.144855633
0.455529785, 0.125923708, 0.0007733611, 0.0572753906, 0.144370183, 0.455529785, 0.161628887, 0.00125512338, 0.0572753906, 0.144370183
0.467736816, 0.127442777, 0.000775641473, 0.0588012695, 0.143897727, 0.467736816, 0.160185754, 0.00125697238, 0.0588012695, 0.143897727
0.479943848, 0.126749635, 0.000777849862, 0.0603271484, 0.143437892, 0.479943848, 0.16102615, 0.00126028084, 0.0603271484, 0.143437892
0.492150879, 0.125091702, 0.000779407041, 0.0618530273, 0.142990336, 0.492150879, 0.163627863, 0.00126285718, 0.0618530273, 0.142990336
 , , , 0.0633789062, 0.1425547,  , , , 0.0633789062, 0.1425547
 , , , 0.0649047852, 0.142130673,  , , , 0.0649047852, 0.142130673
 , , , 0.0664306641, 0.141717911,  , , , 0.0664306641, 0.141717911
 , , , 0.067956543, 0.141316131,  , , , 0.067956543, 0.141316131
 , , , 0.0694824219, 0.140925005,  , , , 0.0694824219, 0.140925005
 , , , 0.0710083008, 0.140544251,  , , , 0.0710083008, 0.140544251
 , , , 0.0725341797, 0.140173584,  , , , 0.0725341797, 0.140173584
 , , , 0.0740600586, 0.139812708,  , , , 0.0740600586, 0.139812708
 , , , 0.0755859375, 0.139461368,  , , , 0.0755859375, 0.139461368
 , , , 0.0771118164, 0.139119297,  , , , 0.0771118164, 0.139119297
 , , , 0.0786376953, 0.138786227,  , , , 0.0786376953, 0.138786227
 , , , 0.0801635742, 0.138461933,  , , , 0.0801635742, 0.138461933
 , , , 0.0816894531, 0.138146147,  , , , 0.0816894531, 0.138146147
 , , , 0.083215332, 0.137838632,  , , , 0.083215332, 0.137838632
 , , , 0.0847412109, 0.137539193,  , , , 0.0847412109, 0.137539193
 , , , 0.0862670898, 0.137247562,  , , , 0.0862670898, 0.137247562
 , , , 0.0877929687, 0.136963561,  , , , 0.0877929687, 0.136963561
 , , , 0.0893188477, 0.136686951,  , , , 0.0893188477, 0.136686951
 , , , 0.0908447266, 0.136417538,  , , , 0.0908447266, 0.136417538
 , , , 0.0923706055, 0.136155128,  , , , 0.0923706055, 0.136155128
 , , , 0.0938964844, 0.135899514,  , , , 0.0938964844, 0.135899514
 , , , 0.0954223633, 0.135650516,  , , , 0.0954223633, 0.135650516
 , , , 0.0969482422, 0.135407954,  , , , 0.0969482422, 0.135407954
 , , , 0.0984741211, 0.135171652,  , , , 0.0984741211, 0.135171652
 , , , 0.1, 0.134941429,  , , , 0.1, 0.134941429
 , , , 0.101525879, 0.134717107,  , , , 0.101525879, 0.134717107
 , , , 0.103051758, 0.134498551,  , , , 0.103051758, 0.134498551
 , , , 0.104577637, 0.134285569,  , , , 0.104577637, 0.134285569
 , , , 0.106103516, 0.134078026,  , , , 0.106103516, 0.134078026
 , , , 0.107629395, 0.133875772,  , , , 0.107629395, 0.133875772
 , , , 0.109155273, 0.13367866,  , , , 0.109155273, 0.13367866
 , , , 0.110681152, 0.133486524,  , , , 0.110681152, 0.133486524
 , , , 0.112207031, 0.133299261,  , , , 0.112207031, 0.133299261
 , , , 0.11373291, 0.133116722,  , , , 0.11373291, 0.133116722
 , , , 0.115258789, 0.132938772,  , , , 0.115258789, 0.132938772
 , , , 0.116784668, 0.132765293,  , , , 0.116784668, 0.132765293
 , , , 0.118310547, 0.13259615,  , , , 0.118310547, 0.13259615
 , , , 0.119836426, 0.132431224,  , , , 0.119836426, 0.132431224
 , , , 0.121362305, 0.132270411,  , , , 0.121362305, 0.132270411
 , , , 0.122888184, 0.132113576,  , , , 0.122888184, 0.132113576
 , , , 0.124414062, 0.13196063,  , , , 0.124414062, 0.13196063
 , , , 0.125939941, 0.131811455,  , , , 0.125939941, 0.131811455
 , , , 0.12746582, 0.131665945,  , , , 0.12746582, 0.131665945
 , , , 0.128991699, 0.131524011,  , , , 0.128991699, 0.131524011
 , , , 0.130517578, 0.131385535,  , , , 0.130517578, 0.131385535
 , , , 0.132043457, 0.131250441,  , , , 0.132043457, 0.131250441
 , , , 0.133569336, 0.131118625,  , , , 0.133569336, 0.131118625
 , , , 0.135095215, 0.130989984,  , , , 0.135095215, 0.130989984
 , , , 0.136621094, 0.130864456,  , , , 0.136621094, 0.130864456
 , , , 0.138146973, 0.130741939,  , , , 0.138146973, 0.130741939
 , , , 0.139672852, 0.130622357,  , , , 0.139672852, 0.130622357
 , , , 0.14119873, 0.130505607,  , , , 0.14119873, 0.130505607
 , , , 0.142724609, 0.130391642,  , , , 0.142724609, 0.130391642
 , , , 0.144250488, 0.130280375,  , , , 0.144250488, 0.130280375
 , , , 0.145776367, 0.130171716,  , , , 0.145776367, 0.130171716
 , , , 0.147302246, 0.130065605,  , , , 0.147302246, 0.130065605
 , , , 0.148828125, 0.129961982,  , , , 0.148828125, 0.129961982
 , , , 0.150354004, 0.129860759,  , , , 0.150354004, 0.129860759
 , , , 0.151879883, 0.129761875,  , , , 0.151879883, 0.129761875
 , , , 0.153405762, 0.12966527,  , , , 0.153405762, 0.12966527
 , , , 0.154931641, 0.129570872,  , , , 0.154931641, 0.129570872
 , , , 0.15645752, 0.129478633,  , , , 0.15645752, 0.129478633
 , , , 0.157983398, 0.129388481,  , , , 0.157983398, 0.129388481
 , , , 0.159509277, 0.129300371,  , , , 0.159509277, 0.129300371
 , , , 0.161035156, 0.129214227,  , , , 0.161035156, 0.129214227
 , , , 0.162561035, 0.129130021,  , , , 0.162561035, 0.129130021
 , , , 0.164086914, 0.129047677,  , , , 0.164086914, 0.129047677
 , , , 0.165612793, 0.128967151,  , , , 0.165612793, 0.128967151
 , , , 0.167138672, 0.128888398,  , , , 0.167138672, 0.128888398
 , , , 0.168664551, 0.128811359,  , , , 0.168664551, 0.128811359
 , , , 0.17019043, 0.128736004,  , , , 0.17019043, 0.128736004
 , , , 0.171716309, 0.128662258,  , , , 0.171716309, 0.128662258
 , , , 0.173242187, 0.128590107,  , , , 0.173242187, 0.128590107
 , , , 0.174768066, 0.12851949,  , , , 0.174768066, 0.12851949
 , , , 0.176293945, 0.128450364,  , , , 0.176293945, 0.128450364
 , , , 0.177819824, 0.128382683,  , , , 0.177819824, 0.128382683
 , , , 0.179345703, 0.128316432,  , , , 0.179345703, 0.128316432
 , , , 0.180871582, 0.128251538,  , , , 0.180871582, 0.128251538
 , , , 0.182397461, 0.128187984,  , , , 0.182397461, 0.128187984
 , , , 0.18392334, 0.128125742,  , , , 0.18392334, 0.128125742
 , , , 0.185449219, 0.128064752,  , , , 0.185449219, 0.128064752
 , , , 0.186975098, 0.128004983,  , , , 0.186975098, 0.128004983
 , , , 0.188500977, 0.127946422,  , , , 0.188500977, 0.127946422
 , , , 0.190026855, 0.127889007,  , , , 0.190026855, 0.127889007
 , , , 0.191552734, 0.127832741,  , , , 0.191552734, 0.127832741
 , , , 0.193078613, 0.127777562,  , , , 0.193078613, 0.127777562
 , , , 0.194604492, 0.127723441,  , , , 0.194604492, 0.127723441
 , , , 0.196130371, 0.127670377,  , , , 0.196130371, 0.127670377
 , , , 0.19765625, 0.127618313,  , , , 0.19765625, 0.127618313
 , , , 0.199182129, 0.127567217,  , , , 0.199182129, 0.127567217
 , , , 0.200708008, 0.127517089,  , , , 0.200708008, 0.127517089
 , , , 0.202233887, 0.127467886,  , , , 0.202233887, 0.127467886
 , , , 0.203759766, 0.127419591,  , , , 0.203759766, 0.127419591
 , , , 0.205285645, 0.127372175,  , , , 0.205285645, 0.127372175
 , , , 0.206811523, 0.127325594,  , , , 0.206811523, 0.127325594
 , , , 0.208337402, 0.127279863,  , , , 0.208337402, 0.127279863
 , , , 0.209863281, 0.127234921,  , , , 0.209863281, 0.127234921
 , , , 0.21138916, 0.127190784,  , , , 0.21138916, 0.127190784
 , , , 0.212915039, 0.127147391,  , , , 0.212915039, 0.127147391
 , , , 0.214440918, 0.127104744,  , , , 0.214440918, 0.127104744
 , , , 0.215966797, 0.127062827,  , , , 0.215966797, 0.127062827
 , , , 0.217492676, 0.127021596,  , , , 0.217492676, 0.127021596
 , , , 0.219018555, 0.126981065,  , , , 0.219018555, 0.126981065
 , , , 0.220544434, 0.126941174,  , , , 0.220544434, 0.126941174
 , , , 0.222070312, 0.12690194,  , , , 0.222070312, 0.12690194
 , , , 0.223596191, 0.126863346,  , , , 0.223596191, 0.126863346
 , , , 0.22512207, 0.126825348,  , , , 0.22512207, 0.126825348
 , , , 0.226647949, 0.126787931,  , , , 0.226647949, 0.126787931
 , , , 0.228173828, 0.12675111,  , , , 0.228173828, 0.12675111
 , , , 0.229699707, 0.126714841,  , , , 0.229699707, 0.126714841
 , , , 0.231225586, 0.126679122,  , , , 0.231225586, 0.126679122
 , , , 0.232751465, 0.126643926,  , , , 0.232751465, 0.126643926
 , , , 0.234277344, 0.126609251,  , , , 0.234277344, 0.126609251
 , , , 0.235803223, 0.126575068,  , , , 0.235803223, 0.126575068
 , , , 0.237329102, 0.126541376,  , , , 0.237329102, 0.126541376
 , , , 0.23885498, 0.126508161,  , , , 0.23885498, 0.126508161
 , , , 0.240380859, 0.126475409,  , , , 0.240380859, 0.126475409
 , , , 0.241906738, 0.126443103,  , , , 0.241906738, 0.126443103
 , , , 0.243432617, 0.126411229,  , , , 0.243432617, 0.126411229
 , , , 0.244958496, 0.126379788,  , , , 0.244958496, 0.126379788
 , , , 0.246484375, 0.126348749,  , , , 0.246484375, 0.126348749
 , , , 0.248010254, 0.126318112,  , , , 0.248010254, 0.126318112
 , , , 0.249536133, 0.126287878,  , , , 0.249536133, 0.126287878
 , , , 0.251062012, 0.126258016,  , , , 0.251062012, 0.126258016
 , , , 0.252587891, 0.126228511,  , , , 0.252587891, 0.126228511
 , , , 0.25411377, 0.12619938,  , , , 0.25411377, 0.12619938
 , , , 0.255639648, 0.126170576,  , , , 0.255639648, 0.126170576
 , , , 0.257165527, 0.126142129,  , , , 0.257165527, 0.126142129
 , , , 0.258691406, 0.126114011,  , , , 0.258691406, 0.126114011
 , , , 0.260217285, 0.126086205,  , , , 0.260217285, 0.126086205
 , , , 0.261743164, 0.126058713,  , , , 0.261743164, 0.126058713
 , , , 0.263269043, 0.126031533,  , , , 0.263269043, 0.126031533
 , , , 0.264794922, 0.126004636,  , , , 0.264794922, 0.126004636
 , , , 0.266320801, 0.125978038,  , , , 0.266320801, 0.125978038
 , , , 0.26784668, 0.125951707,  , , , 0.26784668, 0.125951707
 , , , 0.269372559, 0.125925645,  , , , 0.269372559, 0.125925645
 , , , 0.270898437, 0.125899866,  , , , 0.270898437, 0.125899866
 , , , 0.272424316, 0.125874326,  , , , 0.272424316, 0.125874326
 , , , 0.273950195, 0.125849038,  , , , 0.273950195, 0.125849038
 , , , 0.275476074, 0.12582399,  , , , 0.275476074, 0.12582399
 , , , 0.277001953, 0.125799194,  , , , 0.277001953, 0.125799194
 , , , 0.278527832, 0.125774607,  , , , 0.278527832, 0.125774607
 , , , 0.280053711, 0.125750259,  , , , 0.280053711, 0.125750259
 , , , 0.28157959, 0.125726119,  , , , 0.28157959, 0.125726119
 , , , 0.283105469, 0.125702187,  , , , 0.283105469, 0.125702187
 , , , 0.284631348, 0.125678465,  , , , 0.284631348, 0.125678465
 , , , 0.286157227, 0.125654951,  , , , 0.286157227, 0.125654951
 , , , 0.287683105, 0.125631616,  , , , 0.287683105, 0.125631616
 , , , 0.289208984, 0.125608474,  , , , 0.289208984, 0.125608474
 , , , 0.290734863, 0.125585526,  , , , 0.290734863, 0.125585526
 , , , 0.292260742, 0.125562742,  , , , 0.292260742, 0.125562742
 , , , 0.293786621, 0.125540137,  , , , 0.293786621, 0.125540137
 , , , 0.2953125, 0.125517711,  , , , 0.2953125, 0.125517711
 , , , 0.296838379, 0.125495434,  , , , 0.296838379, 0.125495434
 , , , 0.298364258, 0.12547332,  , , , 0.298364258, 0.12547332
 , , , 0.299890137, 0.125451371,  , , , 0.299890137, 0.125451371
 , , , 0.301416016, 0.125429571,  , , , 0.301416016, 0.125429571
 , , , 0.302941895, 0.125407919,  , , , 0.302941895, 0.125407919
 , , , 0.304467773, 0.125386402,  , , , 0.304467773, 0.125386402
 , , , 0.305993652, 0.125365034,  , , , 0.305993652, 0.125365034
 , , , 0.307519531, 0.125343785,  , , , 0.307519531, 0.125343785
 , , , 0.30904541, 0.125322685,  , , , 0.30904541, 0.125322685
 , , , 0.310571289, 0.125301704,  , , , 0.310571289, 0.125301704
 , , , 0.312097168, 0.125280857,  , , , 0.312097168, 0.125280857
 , , , 0.313623047, 0.125260115,  , , , 0.313623047, 0.125260115
 , , , 0.315148926, 0.125239506,  , , , 0.315148926, 0.125239506
 , , , 0.316674805, 0.125219002,  , , , 0.316674805, 0.125219002
 , , , 0.318200684, 0.125198618,  , , , 0.318200684, 0.125198618
 , , , 0.319726562, 0.125178337,  , , , 0.319726562, 0.125178337
 , , , 0.321252441, 0.125158161,  , , , 0.321252441, 0.125158161
 , , , 0.32277832, 0.125138089,  , , , 0.32277832, 0.125138089
 , , , 0.324304199, 0.125118122,  , , , 0.324304199, 0.125118122
 , , , 0.325830078, 0.125098243,  , , , 0.325830078, 0.125098243
 , , , 0.327355957, 0.12507847,  , , , 0.327355957, 0.12507847
 , , , 0.328881836, 0.125058785,  , , , 0.328881836, 0.125058785
 , , , 0.330407715, 0.12503919,  , , , 0.330407715, 0.12503919
 , , , 0.331933594, 0.12501967,  , , , 0.331933594, 0.12501967
 , , , 0.333459473, 0.125000253,  , , , 0.333459473, 0.125000253
 , , , 0.334985352, 0.124980904,  , , , 0.334985352, 0.124980904
 , , , 0.33651123, 0.124961644,  , , , 0.33651123, 0.124961644
 , , , 0.338037109, 0.124942459,  , , , 0.338037109, 0.124942459
 , , , 0.339562988, 0.124923356,  , , , 0.339562988, 0.124923356
 , , , 0.341088867, 0.12490432,  , , , 0.341088867, 0.12490432
 , , , 0.342614746, 0.124885358,  , , , 0.342614746, 0.124885358
 , , , 0.344140625, 0.124866463,  , , , 0.344140625, 0.124866463
 , , , 0.345666504, 0.124847643,  , , , 0.345666504, 0.124847643
 , , , 0.347192383, 0.124828883,  , , , 0.347192383, 0.124828883
 , , , 0.348718262, 0.124810189,  , , , 0.348718262, 0.124810189
 , , , 0.350244141, 0.124791563,  , , , 0.350244141, 0.124791563
 , , , 0.35177002, 0.124772988,  , , , 0.35177002, 0.124772988
 , , , 0.353295898, 0.124754481,  , , , 0.353295898, 0.124754481
 , , , 0.354821777, 0.124736033,  , , , 0.354821777, 0.124736033
 , , , 0.356347656, 0.124717638,  , , , 0.356347656, 0.124717638
 , , , 0.357873535, 0.124699295,  , , , 0.357873535, 0.124699295
 , , , 0.359399414, 0.124681011,  , , , 0.359399414, 0.124681011
 , , , 0.360925293, 0.124662772,  , , , 0.360925293, 0.124662772
 , , , 0.362451172, 0.124644592,  , , , 0.362451172, 0.124644592
 , , , 0.363977051, 0.124626458,  , , , 0.363977051, 0.124626458
 , , , 0.36550293, 0.124608368,  , , , 0.36550293, 0.124608368
 , , , 0.367028809, 0.12459033,  , , , 0.367028809, 0.12459033
 , , , 0.368554687, 0.124572337,  , , , 0.368554687, 0.124572337
 , , , 0.370080566, 0.124554381,  , , , 0.370080566, 0.124554381
 , , , 0.371606445, 0.124536477,  , , , 0.371606445, 0.124536477
 , , , 0.373132324, 0.124518611,  , , , 0.373132324, 0.124518611
 , , , 0.374658203, 0.124500789,  , , , 0.374658203, 0.124500789
 , , , 0.376184082, 0.124483004,  , , , 0.376184082, 0.124483004
 , , , 0.377709961, 0.124465257,  , , , 0.377709961, 0.124465257
 , , , 0.37923584, 0.124447547,  , , , 0.37923584, 0.124447547
 , , , 0.380761719, 0.124429882,  , , , 0.380761719, 0.124429882
 , , , 0.382287598, 0.124412246,  , , , 0.382287598, 0.124412246
 , , , 0.383813477, 0.12439464,  , , , 0.383813477, 0.12439464
 , , , 0.385339355, 0.124377079,  , , , 0.385339355, 0.124377079
 , , , 0.386865234, 0.124359541,  , , , 0.386865234, 0.124359541
 , , , 0.388391113, 0.124342039,  , , , 0.388391113, 0.124342039
 , , , 0.389916992, 0.124324575,  , , , 0.389916992, 0.124324575
 , , , 0.391442871, 0.124307133,  , , , 0.391442871, 0.124307133
 , , , 0.39296875, 0.124289721,  , , , 0.39296875, 0.124289721
 , , , 0.394494629, 0.124272346,  , , , 0.394494629, 0.124272346
 , , , 0.396020508, 0.124254994,  , , , 0.396020508, 0.124254994
 , , , 0.397546387, 0.124237671,  , , , 0.397546387, 0.124237671
 , , , 0.399072266, 0.124220371,  , , , 0.399072266, 0.124220371
 , , , 0.400598145, 0.124203101,  , , , 0.400598145, 0.124203101
 , , , 0.402124023, 0.124185853,  , , , 0.402124023, 0.124185853
 , , , 0.403649902, 0.124168634,  , , , 0.403649902, 0.124168634
 , , , 0.405175781, 0.124151438,  , , , 0.405175781, 0.124151438
 , , , 0.40670166, 0.124134265,  , , , 0.40670166, 0.124134265
 , , , 0.408227539, 0.124117114,  , , , 0.408227539, 0.124117114
 , , , 0.409753418, 0.124099985,  , , , 0.409753418, 0.124099985
 , , , 0.411279297, 0.124082878,  , , , 0.411279297, 0.124082878
 , , , 0.412805176, 0.124065794,  , , , 0.412805176, 0.124065794
 , , , 0.414331055, 0.124048732,  , , , 0.414331055, 0.124048732
 , , , 0.415856934, 0.124031685,  , , , 0.415856934, 0.124031685
 , , , 0.417382812, 0.124014668,  , , , 0.417382812, 0.124014668
 , , , 0.418908691, 0.123997658,  , , , 0.418908691, 0.123997658
 , , , 0.42043457, 0.123980679,  , , , 0.42043457, 0.123980679
 , , , 0.421960449, 0.123963706,  , , , 0.421960449, 0.123963706
 , , , 0.423486328, 0.123946764,  , , , 0.423486328, 0.123946764
 , , , 0.425012207, 0.123929828,  , , , 0.425012207, 0.123929828
 , , , 0.426538086, 0.123912916,  , , , 0.426538086, 0.123912916
 , , , 0.428063965, 0.123896018,  , , , 0.428063965, 0.123896018
 , , , 0.429589844, 0.123879135,  , , , 0.429589844, 0.123879135
 , , , 0.431115723, 0.123862267,  , , , 0.431115723, 0.123862267
 , , , 0.432641602, 0.123845421,  , , , 0.432641602, 0.123845421
 , , , 0.43416748, 0.123828582,  , , , 0.43416748, 0.123828582
 , , , 0.435693359, 0.123811767,  , , , 0.435693359, 0.123811767
 , , , 0.437219238, 0.123794958,  , , , 0.437219238, 0.123794958
 , , , 0.438745117, 0.123778164,  , , , 0.438745117, 0.123778164
 , , , 0.440270996, 0.123761386,  , , , 0.440270996, 0.123761386
 , , , 0.441796875, 0.123744622,  , , , 0.441796875, 0.123744622
 , , , 0.443322754, 0.123727873,  , , , 0.443322754, 0.123727873
 , , , 0.444848633, 0.123711132,  , , , 0.444848633, 0.123711132
 , , , 0.446374512, 0.123694405,  , , , 0.446374512, 0.123694405
 , , , 0.447900391, 0.123677693,  , , , 0.447900391, 0.123677693
 , , , 0.44942627, 0.123660989,  , , , 0.44942627, 0.123660989
 , , , 0.450952148, 0.1236443,  , , , 0.450952148, 0.1236443
 , , , 0.452478027, 0.123627625,  , , , 0.452478027, 0.123627625
 , , , 0.454003906, 0.123610951,  , , , 0.454003906, 0.123610951
 , , , 0.455529785, 0.123594299,  , , , 0.455529785, 0.123594299
 , , , 0.457055664, 0.123577654,  , , , 0.457055664, 0.123577654
 , , , 0.458581543, 0.123561017,  , , , 0.458581543, 0.123561017
 , , , 0.460107422, 0.123544388,  , , , 0.460107422, 0.123544388
 , , , 0.461633301, 0.123527773,  , , , 0.461633301, 0.123527773
 , , , 0.46315918, 0.123511165,  , , , 0.46315918, 0.123511165
 , , , 0.464685059, 0.123494573,  , , , 0.464685059, 0.123494573
 , , , 0.466210937, 0.123477988,  , , , 0.466210937, 0.123477988
 , , , 0.467736816, 0.123461403,  , , , 0.467736816, 0.123461403
 , , , 0.469262695, 0.12344484,  , , , 0.469262695, 0.12344484
 , , , 0.470788574, 0.123428278,  , , , 0.470788574, 0.123428278
 , , , 0.472314453, 0.123411722,  , , , 0.472314453, 0.123411722
 , , , 0.473840332, 0.123395182,  , , , 0.473840332, 0.123395182
 , , , 0.475366211, 0.123378649,  , , , 0.475366211, 0.123378649
 , , , 0.47689209, 0.123362117,  , , , 0.47689209, 0.123362117
 , , , 0.478417969, 0.123345599,  , , , 0.478417969, 0.123345599
 , , , 0.479943848, 0.123329088,  , , , 0.479943848, 0.123329088
 , , , 0.481469727, 0.123312585,  , , , 0.481469727, 0.123312585
 , , , 0.482995605, 0.123296089,  , , , 0.482995605, 0.123296089
 , , , 0.484521484, 0.123279601,  , , , 0.484521484, 0.123279601
 , , , 0.486047363, 0.123263121,  , , , 0.486047363, 0.123263121
 , , , 0.487573242, 0.12324664,  , , , 0.487573242, 0.12324664
 , , , 0.489099121, 0.123230174,  , , , 0.489099121, 0.123230174
 , , , 0.490625, 0.123213716,  , , , 0.490625, 0.123213716
 , , , 0.492150879, 0.123197258,  , , , 0.492150879, 0.123197258
 , , , 0.493676758, 0.123180807,  , , , 0.493676758, 0.123180807
 , , , 0.495202637, 0.123164371,  , , , 0.495202637, 0.123164371
 , , , 0.496728516, 0.123147935,  , , , 0.496728516, 0.123147935
 , , , 0.498254395, 0.123131506,  , , , 0.498254395, 0.123131506
 , , , 0.499780273, 0.123115078,  , , , 0.499780273, 0.123115078
