xData0, data0, errData0, xTheory0, theory0, xData1, data1, errData1, xTheory1, theory1
-0.0266479492, 0.123760425, 0.00110509178, 0.019128418, 0.109000981, -0.0266479492, 0.120333292, 0.00137314502, 0.019128418, 0.0740061179
0.0465942383, 0.10517107, 0.000414118686, 0.0282836914, 0.107213058, 0.0465942383, 0.087379165, 0.000515566419, 0.0282836914, 0.084567517
0.119836426, 0.0961999893, 0.00042111337, 0.0374389648, 0.105579495, 0.119836426, 0.0812908337, 0.000524091823, 0.0374389648, 0.0861309096
0.193078613, 0.092241399, 0.000428218195, 0.0465942383, 0.104087368, 0.193078613, 0.073398903, 0.000533091498, 0.0465942383, 0.0761985406
0.266320801, 0.090398781, 0.000435448161, 0.0557495117, 0.102724783, 0.266320801, 0.0657269061, 0.000542263206, 0.0557495117, 0.0778307393
0.339562988, 0.089772135, 0.00044284358, 0.0649047852, 0.101480812, 0.339562988, 0.0564263575, 0.000551528373, 0.0649047852, 0.0843067616
0.412805176, 0.0891077891, 0.000450161242, 0.0740600586, 0.10034541, 0.412805176, 0.0467869192, 0.000561044668, 0.0740600586, 0.0795600265
0.486047363, 0.0881688818, 0.000457924096, 0.083215332, 0.099309355, 0.486047363, 0.0367902964, 0.000570743088, 0.083215332, 0.075103052
0.559289551, 0.0873893574, 0.000465664478, 0.0923706055, 0.098364152, 0.559289551, 0.0261624772, 0.000579970401, 0.0923706055, 0.0795426592
0.632531738, 0.0864441618, 0.000473394802, 0.101525879, 0.0975020304, 0.632531738, 0.014591001, 0.00058981473, 0.101525879, 0.0803258643
0.705773926, 0.0875591487, 0.000481387182, 0.110681152, 0.0967158303, 0.705773926, 0.0039499281, 0.000599372043, 0.110681152, 0.0752621815
0.779016113, 0.0877732709, 0.000489596262, 0.119836426, 0.0959989876, 0.779016113, -0.00668658223, 0.000609607878, 0.119836426, 0.0753143132
0.852258301, 0.0866654962, 0.000498149879, 0.128991699, 0.0953454822, 0.852258301, -0.0165268984, 0.000619296925, 0.128991699, 0.0780972019
0.925500488, 0.0863701925, 0.000506230575, 0.138146973, 0.0947497785, 0.925500488, -0.0261141323, 0.000629378912, 0.138146973, 0.0756663904
0.998742676, 0.0862090513, 0.0005150944, 0.147302246, 0.0942068249, 0.998742676, -0.0352869928, 0.000639578008, 0.147302246, 0.0729575381
1.07198486, 0.0865730345, 0.000523488416, 0.15645752, 0.0937119573, 1.07198486, -0.0430240557, 0.000649863596, 0.15645752, 0.0745136067
1.14522705, 0.085005343, 0.000532569806, 0.165612793, 0.0932609215, 1.14522705, -0.0496389568, 0.000660233741, 0.165612793, 0.0746300146
1.21846924, 0.0842925757, 0.000541263758, 0.174768066, 0.0928498134, 1.21846924, -0.0557386056, 0.000671127599, 0.174768066, 0.0718018115
1.29171143, 0.084692426, 0.000550517163, 0.18392334, 0.0924750566, 1.29171143, -0.060013853, 0.000682548406, 0.18392334, 0.0712042972
1.36495361, 0.0841088742, 0.000559729362, 0.193078613, 0.092133373, 1.36495361, -0.0639662892, 0.000693577283, 0.193078613, 0.072091952
1.4381958, 0.083568126, 0.00056878769, 0.202233887, 0.0918217748, 1.4381958, -0.0649791732, 0.000704736126, 0.202233887, 0.0705705583
1.51143799, 0.0829183906, 0.00057875202, 0.21138916, 0.0915375054, 1.51143799, -0.0663078278, 0.000716452271, 0.21138916, 0.0687179565
1.58468018, 0.0830750912, 0.000588369817, 0.220544434, 0.0912780613, 1.58468018, -0.0664794892, 0.000728463897, 0.220544434, 0.0688907653
1.65792236, 0.0834544376, 0.000598589234, 0.229699707, 0.0910411477, 1.65792236, -0.0645598769, 0.000740632766, 0.229699707, 0.0685196072
1.73116455, 0.0821089, 0.00060853918, 0.23885498, 0.0908246636, 1.73116455, -0.0617826469, 0.000753967793, 0.23885498, 0.0666764602
1.80440674, 0.082059525, 0.000618765089, 0.248010254, 0.0906266943, 1.80440674, -0.0576979369, 0.000766369901, 0.248010254, 0.0657875165
1.87764893, 0.0811089799, 0.000629616293, 0.257165527, 0.0904454961, 1.87764893, -0.0525702238, 0.000779470929, 0.257165527, 0.065683268
1.95089111, 0.0814449936, 0.000639974301, 0.266320801, 0.0902794525, 1.95089111, -0.0454812981, 0.000793757087, 0.266320801, 0.0644703135
2.0241333, 0.0809534639, 0.000650811743, 0.275476074, 0.0901271254, 2.0241333, -0.0402311757, 0.000807095932, 0.275476074, 0.0630035549
2.09737549, 0.081005238, 0.000661549188, 0.284631348, 0.0899871737, 2.09737549, -0.0321620815, 0.000820443687, 0.284631348, 0.0624880828
2.17061768, 0.080322735, 0.000672843817, 0.293786621, 0.0898583904, 2.17061768, -0.0228081979, 0.000835038763, 0.293786621, 0.0617779866
2.24385986, 0.08029975, 0.000684279658, 0.302941895, 0.0897396654, 2.24385986, -0.0173642896, 0.00084987101, 0.302941895, 0.0603354834
2.31710205, 0.0780806243, 0.000695917048, 0.312097168, 0.0896300003, 2.31710205, -0.0082900906, 0.000864233588, 0.312097168, 0.059290003
2.39034424, 0.0782118812, 0.00070774498, 0.321252441, 0.0895284712, 2.39034424, -1.93444466e-05, 0.00087927465, 0.321252441, 0.0586484708
2.46358643, 0.0781325847, 0.00071962296, 0.330407715, 0.0894342512, 2.46358643, 0.00918901153, 0.000894757782, 0.330407715, 0.0574973859
2.53682861, 0.0805167854, 0.000731689663, 0.339562988, 0.0893465802, 2.53682861, 0.0174553655, 0.000910318678, 0.339562988, 0.0561780669
2.6100708, 0.0775162056, 0.000744096042, 0.348718262, 0.0892647803, 2.6100708, 0.024675075, 0.000924588651, 0.348718262, 0.0552993082
2.68331299, 0.0780665874, 0.00075649921, 0.357873535, 0.0891882107, 2.68331299, 0.0319071412, 0.000941472814, 0.357873535, 0.0543557592
2.75655518, 0.0782413855, 0.000769773636, 0.367028809, 0.08911632, 2.75655518, 0.0380641259, 0.00095653176, 0.367028809, 0.053048294
2.82979736, 0.0766092315, 0.000783069651, 0.376184082, 0.0890485868, 2.82979736, 0.0410421453, 0.000973015888, 0.376184082, 0.0518989637
2.90303955, 0.0758273527, 0.000796264607, 0.385339355, 0.088984549, 2.90303955, 0.0461842678, 0.000990526033, 0.385339355, 0.0509522371
2.97628174, 0.0756481439, 0.000809844151, 0.394494629, 0.0889237896, 2.97628174, 0.0484941751, 0.00100620944, 0.394494629, 0.0497707166
3.04952393, 0.0760113522, 0.000823052111, 0.403649902, 0.0888659284, 3.04952393, 0.05310978, 0.00102360906, 0.403649902, 0.0484850779
3.12276611, 0.0754036829, 0.000837419168, 0.412805176, 0.0888106152, 3.12276611, 0.0514527857, 0.00104080914, 0.412805176, 0.0473996997
3.1960083, 0.0753414109, 0.000851119823, 0.421960449, 0.0887575448, 3.1960083, 0.0528026819, 0.00105814702, 0.421960449, 0.0462946407
3.26925049, 0.074471049, 0.000866346397, 0.431115723, 0.0887064338, 3.26925049, 0.0528541207, 0.0010779562, 0.431115723, 0.0450084098
3.34249268, 0.075506866, 0.000880298552, 0.440270996, 0.0886570364, 3.34249268, 0.0503284186, 0.00109478169, 0.440270996, 0.0437805913
3.41573486, 0.0753003284, 0.000896011431, 0.44942627, 0.0886091292, 3.41573486, 0.0463572107, 0.00111323425, 0.44942627, 0.0426516309
3.48897705, 0.0731429458, 0.000910623336, 0.458581543, 0.088562496, 3.48897705, 0.042430684, 0.00113210902, 0.458581543, 0.0414137058
3.56221924, 0.0739385113, 0.000926231439, 0.467736816, 0.088516973, 3.56221924, 0.0358473659, 0.00115277624, 0.467736816, 0.0401137918
3.63546143, 0.0732297003, 0.000941756234, 0.47689209, 0.0884723812, 3.63546143, 0.0322651193, 0.00117195638, 0.47689209, 0.0389027297
3.70870361, 0.0713775381, 0.000957343994, 0.486047363, 0.0884285867, 3.70870361, 0.0251097679, 0.00118993316, 0.486047363, 0.0376863517
3.7819458, 0.0732459128, 0.000975082103, 0.495202637, 0.0883854553, 3.7819458, 0.0178109463, 0.00121170141, 0.495202637, 0.0363794789
3.85518799, 0.0724402666, 0.000990687607, 0.50435791, 0.0883428678, 3.85518799, 0.010681713, 0.00123191774, 0.50435791, 0.035091307
3.92843018, 0.0726700053, 0.00100802507, 0.513513184, 0.0883007273, 3.92843018, 0.00366291543, 0.00125293145, 0.513513184, 0.0338501185
4.00167236, 0.0715365484, 0.00102415507, 0.522668457, 0.088258937, 4.00167236, -0.00560272438, 0.00127314159, 0.522668457, 0.0325579792
4.07491455, 0.0698398128, 0.00104276555, 0.53182373, 0.0882174149, 4.07491455, -0.0149154868, 0.00129369034, 0.53182373, 0.0312300809
4.14815674, 0.0710302368, 0.00105915354, 0.540979004, 0.0881761014, 4.14815674, -0.0178823154, 0.00131647736, 0.540979004, 0.0299406424
4.22139893, 0.0701862723, 0.00107828875, 0.550134277, 0.0881349221, 4.22139893, -0.023832215, 0.00133892842, 0.550134277, 0.0286502019
4.29464111, 0.0694935694, 0.0010960543, 0.559289551, 0.0880938321, 4.29464111, -0.0273722038, 0.00135859997, 0.559289551, 0.0273147337
4.3678833, 0.0687002018, 0.0011149049, 0.568444824, 0.0880527794, 4.3678833, -0.0349881873, 0.00138377476, 0.568444824, 0.0259837005
4.44112549, 0.0694428459, 0.00113419316, 0.577600098, 0.0880117193, 4.44112549, -0.0422904938, 0.00140509765, 0.577600098, 0.0246748291
4.51436768, 0.0683035254, 0.00115341134, 0.586755371, 0.0879706144, 4.51436768, -0.0453292876, 0.00143068331, 0.586755371, 0.0233424138
4.58760986, 0.0696404204, 0.0011734323, 0.595910645, 0.0879294425, 4.58760986, -0.0474992394, 0.00145376187, 0.595910645, 0.0219903979
4.66085205, 0.0659154728, 0.00119269456, 0.605065918, 0.0878881738, 4.66085205, -0.0494301394, 0.00148003331, 0.605065918, 0.0206551179
4.73409424, 0.0680813715, 0.00121333121, 0.614221191, 0.0878467932, 4.73409424, -0.0514218211, 0.00150205504, 0.614221191, 0.0193205606
4.80733643, 0.0690960884, 0.00123335409, 0.623376465, 0.0878052637, 4.80733643, -0.0530728027, 0.00152920693, 0.623376465, 0.0179644022
4.88057861, 0.0679559782, 0.00125664607, 0.632531738, 0.0877635926, 4.88057861, -0.0510540009, 0.00155447905, 0.632531738, 0.0166089684
4.9538208, 0.0649957731, 0.00127789687, 0.641687012, 0.0877217501, 4.9538208, -0.0485314988, 0.00158000121, 0.641687012, 0.0152647542
5.02706299, 0.0680567846, 0.00130099876, 0.650842285, 0.0876797363, 5.02706299, -0.0474641733, 0.001608122, 0.650842285, 0.0139107071
5.10030518, 0.0673259869, 0.00132083061, 0.659997559, 0.0876375362, 5.10030518, -0.0433401503, 0.00163635187, 0.659997559, 0.0125472676
5.17354736, 0.0671644807, 0.00134496103, 0.669152832, 0.0875951499, 5.17354736, -0.0390346982, 0.00166461024, 0.669152832, 0.0111922016
5.24678955, 0.0677669495, 0.00136744443, 0.678308105, 0.0875525773, 5.24678955, -0.0333880894, 0.00169353257, 0.678308105, 0.00983935874
5.32003174, 0.0657690912, 0.00139078087, 0.687463379, 0.0875098109, 5.32003174, -0.026285952, 0.00172299445, 0.687463379, 0.00847766642
5.39327393, 0.0645267889, 0.00141355554, 0.696618652, 0.0874668434, 5.39327393, -0.0229038168, 0.00175389313, 0.696618652, 0.00711721694
5.46651611, 0.0635863766, 0.00143907686, 0.705773926, 0.0874236897, 5.46651611, -0.0135694258, 0.00178481836, 0.705773926, 0.00576405786
5.5397583, 0.0669961572, 0.00146353065, 0.714929199, 0.0873803422, 5.5397583, -0.00800274033, 0.00181220421, 0.714929199, 0.00440868037
5.61300049, 0.062481951, 0.0014875332, 0.724084473, 0.087336801, 5.61300049, -0.00274153147, 0.00184735371, 0.724084473, 0.00305073429
5.68624268, 0.065278478, 0.00151456593, 0.733239746, 0.087293081, 5.68624268, 0.00430463487, 0.00188103039, 0.733239746, 0.00169895217
5.75948486, 0.062782526, 0.0015418205, 0.74239502, 0.0872491673, 5.75948486, 0.011829799, 0.0019109547, 0.74239502, 0.000351230119
5.83272705, 0.0666206181, 0.00156627936, 0.751550293, 0.0872050822, 5.83272705, 0.017918082, 0.00194251006, 0.751550293, -0.000997764873
5.90596924, 0.0616939701, 0.00159455399, 0.760705566, 0.0871608183, 5.90596924, 0.0242510624, 0.00198159351, 0.760705566, -0.00234339875
5.97921143, 0.0615118854, 0.00162276888, 0.76986084, 0.0871163905, 5.97921143, 0.0303670894, 0.00201610366, 0.76986084, -0.00368221221
6.05245361, 0.0605863035, 0.00165075625, 0.779016113, 0.0870717913, 6.05245361, 0.0397494808, 0.00204465123, 0.779016113, -0.00501834881
6.1256958, 0.0626357496, 0.00167687112, 0.788171387, 0.0870270431, 6.1256958, 0.0440492481, 0.00208171401, 0.788171387, -0.00635212893
6.19893799, 0.062895745, 0.00170896678, 0.79732666, 0.086982131, 6.19893799, 0.0416775718, 0.00212105695, 0.79732666, -0.00767918862
6.27218018, 0.0599619746, 0.00173843866, 0.806481934, 0.0869370773, 6.27218018, 0.0476687327, 0.00215500526, 0.806481934, -0.00900003035
6.34542236, 0.0607481748, 0.00176659402, 0.815637207, 0.0868918821, 6.34542236, 0.0483270139, 0.0021919538, 0.815637207, -0.0103170983
6.41866455, 0.0610940494, 0.00179801657, 0.82479248, 0.0868465453, 6.41866455, 0.0490784831, 0.00223409734, 0.82479248, -0.0116281789
6.49190674, 0.0609630533, 0.00183033681, 0.833947754, 0.0868010819, 6.49190674, 0.0503797755, 0.00226907448, 0.833947754, -0.0129312621
6.56514893, 0.0618540123, 0.00185834306, 0.843103027, 0.0867554992, 6.56514893, 0.0545375235, 0.00230950185, 0.843103027, -0.0142280255
6.63839111, 0.0600162335, 0.00189368602, 0.852258301, 0.0867097899, 6.63839111, 0.0426839218, 0.00235063935, 0.852258301, -0.0155185936
6.7116333, 0.0631363168, 0.0019246374, 0.861413574, 0.0866639689, 6.7116333, 0.0456038713, 0.00239373071, 0.861413574, -0.0168007053
6.78487549, 0.0614654012, 0.00196169772, 0.870568848, 0.0866180435, 6.78487549, 0.0404010192, 0.00243672048, 0.870568848, -0.0180742685
6.85811768, 0.0612766929, 0.00199575369, 0.879724121, 0.0865720212, 6.85811768, 0.035978239, 0.00247745739, 0.879724121, -0.0193402991
6.93135986, 0.0576087832, 0.00202992999, 0.888879395, 0.0865258947, 6.93135986, 0.0299478527, 0.00252369696, 0.888879395, -0.0205976516
7.00460205, 0.0614218861, 0.00207316796, 0.898034668, 0.0864796788, 7.00460205, 0.0272787046, 0.00257103408, 0.898034668, -0.0218451098
7.07784424, 0.0626066402, 0.00210204258, 0.907189941, 0.0864333808, 7.07784424, 0.0217342358, 0.00261262208, 0.907189941, -0.0230832398
7.15108643, 0.0575342588, 0.00214007377, 0.916345215, 0.086387001, 7.15108643, 0.0152895451, 0.00266101492, 0.916345215, -0.0243119951
7.22432861, 0.0578556657, 0.00217567861, 0.925500488, 0.0863405466, 7.22432861, 0.00986598711, 0.00270441618, 0.925500488, -0.0255301334
7.2975708, 0.0583871044, 0.00221684907, 0.934655762, 0.0862940177, 7.2975708, -0.00176973967, 0.00275771268, 0.934655762, -0.0267373677
7.37081299, 0.0609984063, 0.00225716521, 0.943811035, 0.0862474218, 7.37081299, -0.00151584984, 0.00280122311, 0.943811035, -0.0279340204
7.44405518, 0.0557573102, 0.00229970329, 0.952966309, 0.0862007663, 7.44405518, -0.00262455782, 0.00284411749, 0.952966309, -0.0291194245
7.51729736, 0.0592276566, 0.00233670277, 0.962121582, 0.0861540511, 7.51729736, -0.0122369574, 0.00289658814, 0.962121582, -0.0302928016
7.59053955, 0.0611405037, 0.00237493103, 0.971276855, 0.0861072838, 7.59053955, -0.0174343828, 0.00294181632, 0.971276855, -0.0314542279
7.66378174, 0.0557779036, 0.00242374861, 0.980432129, 0.0860604644, 7.66378174, -0.0276868995, 0.00300006711, 0.980432129, -0.0326035544
7.73702393, 0.0607817024, 0.0024653761, 0.989587402, 0.0860136002, 7.73702393, -0.028558664, 0.00305526451, 0.989587402, -0.0337400325
7.81026611, 0.0558704585, 0.00250858852, 0.998742676, 0.0859666914, 7.81026611, -0.0292843692, 0.00311127691, 0.998742676, -0.0348633416
7.8835083, 0.0549509972, 0.00255096548, 1.00789795, 0.0859197453, 7.8835083, -0.0368261971, 0.0031616038, 1.00789795, -0.0359734818
7.95675049, 0.0614352785, 0.00259885521, 1.01705322, 0.0858727619, 7.95675049, -0.0356225222, 0.00321477244, 1.01705322, -0.0370700099
8.02999268, 0.0588049479, 0.00264987057, 1.0262085, 0.0858257413, 8.02999268, -0.0373251922, 0.0032639854, 1.0262085, -0.0381523892
8.10323486, 0.0614630766, 0.00269832996, 1.03536377, 0.0857786983, 8.10323486, -0.0387068279, 0.00333754706, 1.03536377, -0.039220497
8.17647705, 0.0558067188, 0.00274152962, 1.04451904, 0.0857316256, 8.17647705, -0.0354647338, 0.00338636147, 1.04451904, -0.040274132
8.24971924, 0.0547384657, 0.00279508028, 1.05367432, 0.0856845304, 8.24971924, -0.0362600721, 0.00344710729, 1.05367432, -0.04131281
8.32296143, 0.056859374, 0.00284346474, 1.06282959, 0.085637413, 8.32296143, -0.039489679, 0.00351699888, 1.06282959, -0.0423362218
8.39620361, 0.0550380982, 0.00289720672, 1.07198486, 0.0855902731, 8.39620361, -0.0303231273, 0.00357364036, 1.07198486, -0.0433442332
8.4694458, 0.0536275953, 0.00294850773, 1.08114014, 0.0855431184, 8.4694458, -0.0278224703, 0.00364191699, 1.08114014, -0.0443365164
8.54268799, 0.055177778, 0.00300767448, 1.09029541, 0.0854959562, 8.54268799, -0.0290519297, 0.00371226116, 1.09029541, -0.045312684
8.61593018, 0.0570576638, 0.00306002557, 1.09945068, 0.0854487717, 8.61593018, -0.017621683, 0.00378376731, 1.09945068, -0.0462725386
8.68917236, 0.0535208732, 0.00312171317, 1.10860596, 0.0854015872, 8.68917236, -0.0120555973, 0.00385368424, 1.10860596, -0.047215879
8.76241455, 0.0591845661, 0.00317852745, 1.11776123, 0.0853543878, 8.76241455, -0.00467960769, 0.00393203247, 1.11776123, -0.0481423549
8.83565674, 0.0593765229, 0.0032292868, 1.1269165, 0.0853071883, 8.83565674, -0.000599549327, 0.00399350761, 1.1269165, -0.0490516983
8.90889893, 0.0529548265, 0.0032886258, 1.13607178, 0.085259974, 8.90889893, 0.00365552469, 0.00406692518, 1.13607178, -0.0499437377
8.98214111, 0.0443887748, 0.00335470773, 1.14522705, 0.0852127671, 8.98214111, 0.0137972683, 0.0041478819, 1.14522705, -0.0508182049
9.0553833, 0.052169811, 0.00341491435, 1.15438232, 0.0851655528, 9.0553833, 0.0153350048, 0.00423219258, 1.15438232, -0.0516748168
9.12862549, 0.0534128919, 0.00347895889, 1.1635376, 0.0851183459, 9.12862549, 0.0207415149, 0.00431213484, 1.1635376, -0.0525133759
9.20186768, 0.0525307134, 0.00355160587, 1.17269287, 0.085071139, 9.20186768, 0.02817313, 0.00437762584, 1.17269287, -0.0533336848
9.27510986, 0.049440518, 0.00361649072, 1.18184814, 0.0850239322, 9.27510986, 0.0321747027, 0.00445031355, 1.18184814, -0.0541354902
9.34835205, 0.0555286147, 0.00368803629, 1.19100342, 0.0849767327, 9.34835205, 0.0340156704, 0.00454787257, 1.19100342, -0.0549185649
 , , , 1.20015869, 0.0849295408,  , , , 1.20015869, -0.0556827448
 , , , 1.20931396, 0.0848823488,  , , , 1.20931396, -0.0564278215
 , , , 1.21846924, 0.0848351717,  , , , 1.21846924, -0.0571535751
 , , , 1.22762451, 0.0847880021,  , , , 1.22762451, -0.0578598343
 , , , 1.23677979, 0.0847408399,  , , , 1.23677979, -0.0585464351
 , , , 1.24593506, 0.0846936926,  , , , 1.24593506, -0.0592131875
 , , , 1.25509033, 0.0846465528,  , , , 1.25509033, -0.0598599166
 , , , 1.26424561, 0.0845994279,  , , , 1.26424561, -0.0604864806
 , , , 1.27340088, 0.0845523179,  , , , 1.27340088, -0.0610927232
 , , , 1.28255615, 0.0845052227,  , , , 1.28255615, -0.0616784841
 , , , 1.29171143, 0.0844581425,  , , , 1.29171143, -0.062243633
 , , , 1.3008667, 0.0844110772,  , , , 1.3008667, -0.0627880394
 , , , 1.31002197, 0.0843640268,  , , , 1.31002197, -0.0633115768
 , , , 1.31917725, 0.0843169987,  , , , 1.31917725, -0.0638141111
 , , , 1.32833252, 0.0842699856,  , , , 1.32833252, -0.0642955452
 , , , 1.33748779, 0.0842229873,  , , , 1.33748779, -0.0647557676
 , , , 1.34664307, 0.0841760039,  , , , 1.34664307, -0.0651946813
 , , , 1.35579834, 0.0841290504,  , , , 1.35579834, -0.0656121895
 , , , 1.36495361, 0.0840821043,  , , , 1.36495361, -0.0660082176
 , , , 1.37410889, 0.084035188,  , , , 1.37410889, -0.0663826764
 , , , 1.38326416, 0.0839882866,  , , , 1.38326416, -0.0667354912
 , , , 1.39241943, 0.0839414075,  , , , 1.39241943, -0.0670666099
 , , , 1.40157471, 0.0838945508,  , , , 1.40157471, -0.0673759729
 , , , 1.41072998, 0.083847709,  , , , 1.41072998, -0.0676635206
 , , , 1.41988525, 0.0838008896,  , , , 1.41988525, -0.0679292157
 , , , 1.42904053, 0.0837540999,  , , , 1.42904053, -0.0681730211
 , , , 1.4381958, 0.0837073252,  , , , 1.4381958, -0.0683949068
 , , , 1.44735107, 0.0836605728,  , , , 1.44735107, -0.0685948506
 , , , 1.45650635, 0.0836138427,  , , , 1.45650635, -0.0687728375
 , , , 1.46566162, 0.0835671425,  , , , 1.46566162, -0.0689288527
 , , , 1.47481689, 0.0835204571,  , , , 1.47481689, -0.0690629035
 , , , 1.48397217, 0.0834737942,  , , , 1.48397217, -0.0691749901
 , , , 1.49312744, 0.083427161,  , , , 1.49312744, -0.0692651197
 , , , 1.50228271, 0.0833805501,  , , , 1.50228271, -0.0693333223
 , , , 1.51143799, 0.0833339542,  , , , 1.51143799, -0.0693796128
 , , , 1.52059326, 0.0832873881,  , , , 1.52059326, -0.0694040284
 , , , 1.52974854, 0.0832408518,  , , , 1.52974854, -0.0694066063
 , , , 1.53890381, 0.0831943303,  , , , 1.53890381, -0.0693873987
 , , , 1.54805908, 0.0831478387,  , , , 1.54805908, -0.0693464428
 , , , 1.55721436, 0.0831013694,  , , , 1.55721436, -0.0692838207
 , , , 1.56636963, 0.0830549225,  , , , 1.56636963, -0.069199577
 , , , 1.5755249, 0.083008498,  , , , 1.5755249, -0.0690937936
 , , , 1.58468018, 0.0829621032,  , , , 1.58468018, -0.0689665526
 , , , 1.59383545, 0.0829157308,  , , , 1.59383545, -0.0688179359
 , , , 1.60299072, 0.0828693807,  , , , 1.60299072, -0.0686480403
 , , , 1.612146, 0.0828230605,  , , , 1.612146, -0.0684569627
 , , , 1.62130127, 0.0827767625,  , , , 1.62130127, -0.0682448
 , , , 1.63045654, 0.082730487,  , , , 1.63045654, -0.0680116713
 , , , 1.63961182, 0.0826842412,  , , , 1.63961182, -0.0677576959
 , , , 1.64876709, 0.0826380104,  , , , 1.64876709, -0.0674830005
 , , , 1.65792236, 0.0825918168,  , , , 1.65792236, -0.0671877116
 , , , 1.66707764, 0.0825456381,  , , , 1.66707764, -0.0668719634
 , , , 1.67623291, 0.0824994892,  , , , 1.67623291, -0.0665358976
 , , , 1.68538818, 0.0824533701,  , , , 1.68538818, -0.0661796704
 , , , 1.69454346, 0.0824072659,  , , , 1.69454346, -0.065803431
 , , , 1.70369873, 0.082361199,  , , , 1.70369873, -0.0654073432
 , , , 1.712854, 0.0823151469,  , , , 1.712854, -0.0649915785
 , , , 1.72200928, 0.0822691247,  , , , 1.72200928, -0.0645563006
 , , , 1.73116455, 0.0822231248,  , , , 1.73116455, -0.0641016886
 , , , 1.74031982, 0.0821771547,  , , , 1.74031982, -0.0636279359
 , , , 1.7494751, 0.082131207,  , , , 1.7494751, -0.0631352216
 , , , 1.75863037, 0.0820852816,  , , , 1.75863037, -0.0626237467
 , , , 1.76778564, 0.082039386,  , , , 1.76778564, -0.0620937049
 , , , 1.77694092, 0.0819935128,  , , , 1.77694092, -0.0615453124
 , , , 1.78609619, 0.0819476694,  , , , 1.78609619, -0.060978774
 , , , 1.79525146, 0.0819018483,  , , , 1.79525146, -0.0603943095
 , , , 1.80440674, 0.0818560496,  , , , 1.80440674, -0.0597921386
 , , , 1.81356201, 0.0818102807,  , , , 1.81356201, -0.0591724925
 , , , 1.82271729, 0.0817645341,  , , , 1.82271729, -0.0585355945
 , , , 1.83187256, 0.0817188174,  , , , 1.83187256, -0.0578816906
 , , , 1.84102783, 0.0816731229,  , , , 1.84102783, -0.0572110154
 , , , 1.85018311, 0.0816274509,  , , , 1.85018311, -0.0565238185
 , , , 1.85933838, 0.0815818086,  , , , 1.85933838, -0.0558203533
 , , , 1.86849365, 0.0815361887,  , , , 1.86849365, -0.0551008694
 , , , 1.87764893, 0.0814905986,  , , , 1.87764893, -0.0543656312
 , , , 1.8868042, 0.0814450309,  , , , 1.8868042, -0.0536149032
 , , , 1.89595947, 0.0813994855,  , , , 1.89595947, -0.0528489538
 , , , 1.90511475, 0.0813539699,  , , , 1.90511475, -0.0520680547
 , , , 1.91427002, 0.0813084766,  , , , 1.91427002, -0.0512724854
 , , , 1.92342529, 0.0812630057,  , , , 1.92342529, -0.0504625253
 , , , 1.93258057, 0.0812175646,  , , , 1.93258057, -0.0496384576
 , , , 1.94173584, 0.0811721534,  , , , 1.94173584, -0.0488005728
 , , , 1.95089111, 0.0811267644,  , , , 1.95089111, -0.0479491651
 , , , 1.96004639, 0.0810813978,  , , , 1.96004639, -0.047084529
 , , , 1.96920166, 0.0810360536,  , , , 1.96920166, -0.046206966
 , , , 1.97835693, 0.0809907392,  , , , 1.97835693, -0.0453167744
 , , , 1.98751221, 0.0809454471,  , , , 1.98751221, -0.0444142669
 , , , 1.99666748, 0.0809001848,  , , , 1.99666748, -0.0434997492
 , , , 2.00582275, 0.0808549449,  , , , 2.00582275, -0.042573534
 , , , 2.01497803, 0.0808097348,  , , , 2.01497803, -0.0416359417
 , , , 2.0241333, 0.080764547,  , , , 2.0241333, -0.0406872816
 , , , 2.03328857, 0.0807193816,  , , , 2.03328857, -0.0397278853
 , , , 2.04244385, 0.080674246,  , , , 2.04244385, -0.038758073
 , , , 2.05159912, 0.0806291327,  , , , 2.05159912, -0.0377781689
 , , , 2.06075439, 0.0805840418,  , , , 2.06075439, -0.0367885046
 , , , 2.06990967, 0.0805389807,  , , , 2.06990967, -0.0357894078
 , , , 2.07906494, 0.0804939419,  , , , 2.07906494, -0.0347812213
 , , , 2.08822021, 0.0804489255,  , , , 2.08822021, -0.0337642729
 , , , 2.09737549, 0.0804039389,  , , , 2.09737549, -0.0327389017
 , , , 2.10653076, 0.0803589821,  , , , 2.10653076, -0.0317054503
 , , , 2.11568604, 0.0803140402,  , , , 2.11568604, -0.0306642596
 , , , 2.12484131, 0.0802691281,  , , , 2.12484131, -0.0296156704
 , , , 2.13399658, 0.0802242458,  , , , 2.13399658, -0.0285600312
 , , , 2.14315186, 0.0801793784,  , , , 2.14315186, -0.0274976864
 , , , 2.15230713, 0.0801345408,  , , , 2.15230713, -0.0264289826
 , , , 2.1614624, 0.080089733,  , , , 2.1614624, -0.0253542718
 , , , 2.17061768, 0.0800449476,  , , , 2.17061768, -0.0242739022
 , , , 2.17977295, 0.0800001845,  , , , 2.17977295, -0.0231882278
 , , , 2.18892822, 0.0799554512,  , , , 2.18892822, -0.0220975969
 , , , 2.1980835, 0.0799107328,  , , , 2.1980835, -0.0210023634
 , , , 2.20723877, 0.0798660517,  , , , 2.20723877, -0.0199028831
 , , , 2.21639404, 0.0798213854,  , , , 2.21639404, -0.0187995061
 , , , 2.22554932, 0.079776749,  , , , 2.22554932, -0.017692592
 , , , 2.23470459, 0.0797321424,  , , , 2.23470459, -0.0165824927
 , , , 2.24385986, 0.0796875507,  , , , 2.24385986, -0.0154695651
 , , , 2.25301514, 0.0796429887,  , , , 2.25301514, -0.0143541628
 , , , 2.26217041, 0.0795984566,  , , , 2.26217041, -0.0132366419
 , , , 2.27132568, 0.0795539394,  , , , 2.27132568, -0.0121173579
 , , , 2.28048096, 0.079509452,  , , , 2.28048096, -0.0109966667
 , , , 2.28963623, 0.0794649944,  , , , 2.28963623, -0.00987492129
 , , , 2.2987915, 0.0794205517,  , , , 2.2987915, -0.00875247736
 , , , 2.30794678, 0.0793761387,  , , , 2.30794678, -0.00762968836
 , , , 2.31710205, 0.0793317556,  , , , 2.31710205, -0.00650690729
 , , , 2.32625732, 0.0792873874,  , , , 2.32625732, -0.00538448663
 , , , 2.3354126, 0.0792430565,  , , , 2.3354126, -0.00426277798
 , , , 2.34456787, 0.0791987404,  , , , 2.34456787, -0.00314213173
 , , , 2.35372314, 0.0791544542,  , , , 2.35372314, -0.00202289759
 , , , 2.36287842, 0.0791101903,  , , , 2.36287842, -0.000905423658
 , , , 2.37203369, 0.0790659487,  , , , 2.37203369, 0.000209942998
 , , , 2.38118896, 0.079021737,  , , , 2.38118896, 0.00132285687
 , , , 2.39034424, 0.0789775401,  , , , 2.39034424, 0.00243297382
 , , , 2.39949951, 0.0789333805,  , , , 2.39949951, 0.00353995129
 , , , 2.40865479, 0.0788892359,  , , , 2.40865479, 0.00464344909
 , , , 2.41781006, 0.078845121,  , , , 2.41781006, 0.00574312732
 , , , 2.42696533, 0.0788010284,  , , , 2.42696533, 0.00683864998
 , , , 2.43612061, 0.0787569657,  , , , 2.43612061, 0.0079296818
 , , , 2.44527588, 0.0787129253,  , , , 2.44527588, 0.00901588891
 , , , 2.45443115, 0.0786689073,  , , , 2.45443115, 0.010096943
 , , , 2.46358643, 0.0786249116,  , , , 2.46358643, 0.0111725135
 , , , 2.4727417, 0.0785809457,  , , , 2.4727417, 0.0122422753
 , , , 2.48189697, 0.0785370022,  , , , 2.48189697, 0.0133059053
 , , , 2.49105225, 0.0784930885,  , , , 2.49105225, 0.0143630831
 , , , 2.50020752, 0.0784491897,  , , , 2.50020752, 0.0154134901
 , , , 2.50936279, 0.0784053206,  , , , 2.50936279, 0.0164568108
 , , , 2.51851807, 0.078361474,  , , , 2.51851807, 0.0174927339
 , , , 2.52767334, 0.0783176571,  , , , 2.52767334, 0.0185209494
 , , , 2.53682861, 0.0782738626,  , , , 2.53682861, 0.0195411518
 , , , 2.54598389, 0.0782300904,  , , , 2.54598389, 0.0205530357
 , , , 2.55513916, 0.0781863406,  , , , 2.55513916, 0.0215563048
 , , , 2.56429443, 0.0781426206,  , , , 2.56429443, 0.0225506593
 , , , 2.57344971, 0.078098923,  , , , 2.57344971, 0.0235358085
 , , , 2.58260498, 0.0780552477,  , , , 2.58260498, 0.0245114621
 , , , 2.59176025, 0.0780115947,  , , , 2.59176025, 0.0254773349
 , , , 2.60091553, 0.0779679716,  , , , 2.60091553, 0.0264331438
 , , , 2.6100708, 0.0779243708,  , , , 2.6100708, 0.0273786094
 , , , 2.61922607, 0.0778807998,  , , , 2.61922607, 0.028313458
 , , , 2.62838135, 0.0778372437,  , , , 2.62838135, 0.0292374212
 , , , 2.63753662, 0.0777937174,  , , , 2.63753662, 0.0301502272
 , , , 2.64669189, 0.0777502134,  , , , 2.64669189, 0.031051619
 , , , 2.65584717, 0.0777067393,  , , , 2.65584717, 0.0319413319
 , , , 2.66500244, 0.0776632801,  , , , 2.66500244, 0.0328191184
 , , , 2.67415771, 0.0776198506,  , , , 2.67415771, 0.0336847268
 , , , 2.68331299, 0.0775764436,  , , , 2.68331299, 0.034537904
 , , , 2.69246826, 0.0775330663,  , , , 2.69246826, 0.0353784189
 , , , 2.70162354, 0.0774897039,  , , , 2.70162354, 0.0362060294
 , , , 2.71077881, 0.0774463713,  , , , 2.71077881, 0.0370205045
 , , , 2.71993408, 0.0774030685,  , , , 2.71993408, 0.0378216207
 , , , 2.72908936, 0.0773597807,  , , , 2.72908936, 0.0386091471
 , , , 2.73824463, 0.0773165226,  , , , 2.73824463, 0.0393828675
 , , , 2.7473999, 0.0772732869,  , , , 2.7473999, 0.0401425734
 , , , 2.75655518, 0.0772300735,  , , , 2.75655518, 0.0408880562
 , , , 2.76571045, 0.0771868825,  , , , 2.76571045, 0.0416191071
 , , , 2.77486572, 0.0771437213,  , , , 2.77486572, 0.0423355289
 , , , 2.784021, 0.0771005824,  , , , 2.784021, 0.0430371314
 , , , 2.79317627, 0.0770574659,  , , , 2.79317627, 0.0437237248
 , , , 2.80233154, 0.0770143718,  , , , 2.80233154, 0.0443951227
 , , , 2.81148682, 0.0769713074,  , , , 2.81148682, 0.04505115
 , , , 2.82064209, 0.0769282654,  , , , 2.82064209, 0.0456916355
 , , , 2.82979736, 0.0768852457,  , , , 2.82979736, 0.0463164039
 , , , 2.83895264, 0.0768422484,  , , , 2.83895264, 0.0469253026
 , , , 2.84810791, 0.0767992809,  , , , 2.84810791, 0.0475181676
 , , , 2.85726318, 0.0767563358,  , , , 2.85726318, 0.0480948463
 , , , 2.86641846, 0.076713413,  , , , 2.86641846, 0.048655197
 , , , 2.87557373, 0.0766705126,  , , , 2.87557373, 0.0491990782
 , , , 2.884729, 0.0766276345,  , , , 2.884729, 0.0497263521
 , , , 2.89388428, 0.0765847862,  , , , 2.89388428, 0.0502368882
 , , , 2.90303955, 0.0765419602,  , , , 2.90303955, 0.0507305637
 , , , 2.91219482, 0.0764991567,  , , , 2.91219482, 0.051207263
 , , , 2.9213501, 0.0764563754,  , , , 2.9213501, 0.051666867
 , , , 2.93050537, 0.076413624,  , , , 2.93050537, 0.0521092713
 , , , 2.93966064, 0.0763708875,  , , , 2.93966064, 0.0525343716
 , , , 2.94881592, 0.0763281807,  , , , 2.94881592, 0.0529420711
 , , , 2.95797119, 0.0762854964,  , , , 2.95797119, 0.0533322841
 , , , 2.96712646, 0.0762428418,  , , , 2.96712646, 0.0537049212
 , , , 2.97628174, 0.0762002021,  , , , 2.97628174, 0.0540599041
 , , , 2.98543701, 0.0761575922,  , , , 2.98543701, 0.0543971583
 , , , 2.99459229, 0.0761150047,  , , , 2.99459229, 0.0547166206
 , , , 3.00374756, 0.0760724396,  , , , 3.00374756, 0.0550182201
 , , , 3.01290283, 0.0760298967,  , , , 3.01290283, 0.0553019084
 , , , 3.02205811, 0.0759873837,  , , , 3.02205811, 0.0555676296
 , , , 3.03121338, 0.0759448856,  , , , 3.03121338, 0.0558153428
 , , , 3.04036865, 0.0759024173,  , , , 3.04036865, 0.0560450032
 , , , 3.04952393, 0.0758599713,  , , , 3.04952393, 0.0562565848
 , , , 3.0586792, 0.0758175552,  , , , 3.0586792, 0.056450054
 , , , 3.06783447, 0.0757751539,  , , , 3.06783447, 0.0566253923
 , , , 3.07698975, 0.0757327825,  , , , 3.07698975, 0.0567825809
 , , , 3.08614502, 0.0756904334,  , , , 3.08614502, 0.0569216087
 , , , 3.09530029, 0.0756481066,  , , , 3.09530029, 0.0570424758
 , , , 3.10445557, 0.0756058022,  , , , 3.10445557, 0.0571451783
 , , , 3.11361084, 0.0755635202,  , , , 3.11361084, 0.0572297238
 , , , 3.12276611, 0.075521268,  , , , 3.12276611, 0.0572961271
 , , , 3.13192139, 0.0754790306,  , , , 3.13192139, 0.0573444031
 , , , 3.14107666, 0.0754368231,  , , , 3.14107666, 0.057374578
 , , , 3.15023193, 0.0753946379,  , , , 3.15023193, 0.0573866777
 , , , 3.15938721, 0.075352475,  , , , 3.15938721, 0.0573807396
 , , , 3.16854248, 0.075310342,  , , , 3.16854248, 0.0573568046
 , , , 3.17769775, 0.0752682239,  , , , 3.17769775, 0.0573149174
 , , , 3.18685303, 0.0752261356,  , , , 3.18685303, 0.0572551303
 , , , 3.1960083, 0.0751840696,  , , , 3.1960083, 0.0571774989
 , , , 3.20516357, 0.0751420259,  , , , 3.20516357, 0.0570820905
 , , , 3.21431885, 0.0751000047,  , , , 3.21431885, 0.0569689646
 , , , 3.22347412, 0.0750580058,  , , , 3.22347412, 0.0568382032
 , , , 3.23262939, 0.0750160366,  , , , 3.23262939, 0.0566898808
 , , , 3.24178467, 0.0749740824,  , , , 3.24178467, 0.0565240793
 , , , 3.25093994, 0.074932158,  , , , 3.25093994, 0.0563408956
 , , , 3.26009521, 0.0748902559,  , , , 3.26009521, 0.0561404191
 , , , 3.26925049, 0.0748483762,  , , , 3.26925049, 0.0559227467
 , , , 3.27840576, 0.0748065189,  , , , 3.27840576, 0.05568799
 , , , 3.28756104, 0.0747646838,  , , , 3.28756104, 0.0554362573
 , , , 3.29671631, 0.0747228786,  , , , 3.29671631, 0.0551676601
 , , , 3.30587158, 0.0746810958,  , , , 3.30587158, 0.0548823252
 , , , 3.31502686, 0.0746393278,  , , , 3.31502686, 0.0545803718
 , , , 3.32418213, 0.0745975897,  , , , 3.32418213, 0.054261934
 , , , 3.3333374, 0.0745558739,  , , , 3.3333374, 0.0539271496
 , , , 3.34249268, 0.0745141804,  , , , 3.34249268, 0.053576149
 , , , 3.35164795, 0.0744725168,  , , , 3.35164795, 0.0532090887
 , , , 3.36080322, 0.074430868,  , , , 3.36080322, 0.0528261103
 , , , 3.3699585, 0.0743892491,  , , , 3.3699585, 0.0524273701
 , , , 3.37911377, 0.074347645,  , , , 3.37911377, 0.0520130284
 , , , 3.38826904, 0.0743060708,  , , , 3.38826904, 0.0515832491
 , , , 3.39742432, 0.0742645189,  , , , 3.39742432, 0.0511381961
 , , , 3.40657959, 0.0742229894,  , , , 3.40657959, 0.0506780446
 , , , 3.41573486, 0.0741814822,  , , , 3.41573486, 0.0502029732
 , , , 3.42489014, 0.0741399974,  , , , 3.42489014, 0.0497131608
 , , , 3.43404541, 0.0740985423,  , , , 3.43404541, 0.0492087901
 , , , 3.44320068, 0.0740571022,  , , , 3.44320068, 0.0486900546
 , , , 3.45235596, 0.0740156919,  , , , 3.45235596, 0.0481571481
 , , , 3.46151123, 0.0739742965,  , , , 3.46151123, 0.0476102643
 , , , 3.4706665, 0.0739329308,  , , , 3.4706665, 0.0470496118
 , , , 3.47982178, 0.0738915876,  , , , 3.47982178, 0.0464753881
 , , , 3.48897705, 0.0738502666,  , , , 3.48897705, 0.0458878055
 , , , 3.49813232, 0.0738089681,  , , , 3.49813232, 0.0452870764
 , , , 3.5072876, 0.0737676919,  , , , 3.5072876, 0.0446734168
 , , , 3.51644287, 0.0737264454,  , , , 3.51644287, 0.0440470539
 , , , 3.52559814, 0.0736852139,  , , , 3.52559814, 0.0434082001
 , , , 3.53475342, 0.0736440048,  , , , 3.53475342, 0.0427570939
 , , , 3.54390869, 0.0736028254,  , , , 3.54390869, 0.0420939587
 , , , 3.55306396, 0.0735616684,  , , , 3.55306396, 0.0414190292
 , , , 3.56221924, 0.0735205337,  , , , 3.56221924, 0.0407325439
 , , , 3.57137451, 0.073479414,  , , , 3.57137451, 0.0400347449
 , , , 3.58052979, 0.073438324,  , , , 3.58052979, 0.0393258706
 , , , 3.58968506, 0.0733972564,  , , , 3.58968506, 0.0386061706
 , , , 3.59884033, 0.0733562112,  , , , 3.59884033, 0.0378758945
 , , , 3.60799561, 0.0733151957,  , , , 3.60799561, 0.0371352918
 , , , 3.61715088, 0.0732741952,  , , , 3.61715088, 0.036384616
 , , , 3.62630615, 0.073233217,  , , , 3.62630615, 0.0356241316
 , , , 3.63546143, 0.0731922686,  , , , 3.63546143, 0.034854088
 , , , 3.6446167, 0.0731513351,  , , , 3.6446167, 0.0340747535
 , , , 3.65377197, 0.0731104314,  , , , 3.65377197, 0.0332863927
 , , , 3.66292725, 0.0730695426,  , , , 3.66292725, 0.0324892737
 , , , 3.67208252, 0.0730286837,  , , , 3.67208252, 0.0316836573
 , , , 3.68123779, 0.072987847,  , , , 3.68123779, 0.0308698248
 , , , 3.69039307, 0.0729470327,  , , , 3.69039307, 0.0300480425
 , , , 3.69954834, 0.0729062334,  , , , 3.69954834, 0.029218588
 , , , 3.70870361, 0.0728654638,  , , , 3.70870361, 0.0283817369
 , , , 3.71785889, 0.0728247166,  , , , 3.71785889, 0.0275377706
 , , , 3.72701416, 0.0727839991,  , , , 3.72701416, 0.0266869646
 , , , 3.73616943, 0.0727432966,  , , , 3.73616943, 0.0258296039
 , , , 3.74532471, 0.0727026165,  , , , 3.74532471, 0.0249659698
 , , , 3.75447998, 0.0726619586,  , , , 3.75447998, 0.0240963493
 , , , 3.76363525, 0.0726213232,  , , , 3.76363525, 0.0232210252
 , , , 3.77279053, 0.0725807175,  , , , 3.77279053, 0.0223402847
 , , , 3.7819458, 0.0725401267,  , , , 3.7819458, 0.0214544199
 , , , 3.79110107, 0.0724995658,  , , , 3.79110107, 0.0205637142
 , , , 3.80025635, 0.0724590197,  , , , 3.80025635, 0.0196684618
 , , , 3.80941162, 0.0724185035,  , , , 3.80941162, 0.0187689513
 , , , 3.81856689, 0.0723780021,  , , , 3.81856689, 0.0178654734
 , , , 3.82772217, 0.0723375306,  , , , 3.82772217, 0.0169583242
 , , , 3.83687744, 0.0722970739,  , , , 3.83687744, 0.0160477906
 , , , 3.84603271, 0.0722566471,  , , , 3.84603271, 0.0151341707
 , , , 3.85518799, 0.0722162426,  , , , 3.85518799, 0.0142177548
 , , , 3.86434326, 0.072175853,  , , , 3.86434326, 0.0132988375
 , , , 3.87349854, 0.0721354932,  , , , 3.87349854, 0.0123777119
 , , , 3.88265381, 0.0720951557,  , , , 3.88265381, 0.0114546735
 , , , 3.89180908, 0.0720548406,  , , , 3.89180908, 0.0105300145
 , , , 3.90096436, 0.0720145479,  , , , 3.90096436, 0.00960402936
 , , , 3.91011963, 0.0719742775,  , , , 3.91011963, 0.00867701136
 , , , 3.9192749, 0.0719340295,  , , , 3.9192749, 0.00774925435
 , , , 3.92843018, 0.0718937963,  , , , 3.92843018, 0.00682104984
 , , , 3.93758545, 0.071853593,  , , , 3.93758545, 0.00589269074
 , , , 3.94674072, 0.071813412,  , , , 3.94674072, 0.00496446854
 , , , 3.955896, 0.0717732534,  , , , 3.955896, 0.00403667521
 , , , 3.96505127, 0.0717331171,  , , , 3.96505127, 0.00310959993
 , , , 3.97420654, 0.0716930032,  , , , 3.97420654, 0.00218353258
 , , , 3.98336182, 0.0716529116,  , , , 3.98336182, 0.00125876185
 , , , 3.99251709, 0.0716128424,  , , , 3.99251709, 0.000335575023
 , , , 4.00167236, 0.0715727955,  , , , 4.00167236, -0.00058574148
 , , , 4.01082764, 0.071532771,  , , , 4.01082764, -0.0015049025
 , , , 4.01998291, 0.0714927763,  , , , 4.01998291, -0.00242162403
 , , , 4.02913818, 0.0714527965,  , , , 4.02913818, -0.00333562377
 , , , 4.03829346, 0.071412839,  , , , 4.03829346, -0.00424662046
 , , , 4.04744873, 0.0713729039,  , , , 4.04744873, -0.00515433447
 , , , 4.056604, 0.0713329911,  , , , 4.056604, -0.00605848851
 , , , 4.06575928, 0.0712931007,  , , , 4.06575928, -0.00695880596
 , , , 4.07491455, 0.0712532327,  , , , 4.07491455, -0.00785501208
 , , , 4.08406982, 0.071213387,  , , , 4.08406982, -0.0087468354
 , , , 4.0932251, 0.0711735636,  , , , 4.0932251, -0.00963400397
 , , , 4.10238037, 0.0711337626,  , , , 4.10238037, -0.0105162505
 , , , 4.11153564, 0.0710939839,  , , , 4.11153564, -0.0113933086
 , , , 4.12069092, 0.0710542277,  , , , 4.12069092, -0.0122649129
 , , , 4.12984619, 0.0710144937,  , , , 4.12984619, -0.0131308027
 , , , 4.13900146, 0.0709747821,  , , , 4.13900146, -0.0139907179
 , , , 4.14815674, 0.0709350929,  , , , 4.14815674, -0.0148444017
 , , , 4.15731201, 0.0708954185,  , , , 4.15731201, -0.0156915989
 , , , 4.16646729, 0.070855774,  , , , 4.16646729, -0.0165320579
 , , , 4.17562256, 0.0708161518,  , , , 4.17562256, -0.0173655301
 , , , 4.18477783, 0.070776552,  , , , 4.18477783, -0.018191766
 , , , 4.19393311, 0.0707369745,  , , , 4.19393311, -0.0190105252
 , , , 4.20308838, 0.0706974193,  , , , 4.20308838, -0.0198215656
 , , , 4.21224365, 0.0706578791,  , , , 4.21224365, -0.0206246488
 , , , 4.22139893, 0.0706183687,  , , , 4.22139893, -0.0214195382
 , , , 4.2305542, 0.0705788806,  , , , 4.2305542, -0.0222060047
 , , , 4.23970947, 0.0705394074,  , , , 4.23970947, -0.0229838174
 , , , 4.24886475, 0.0704999641,  , , , 4.24886475, -0.0237527527
 , , , 4.25802002, 0.070460543,  , , , 4.25802002, -0.0245125871
 , , , 4.26717529, 0.0704211369,  , , , 4.26717529, -0.0252631009
 , , , 4.27633057, 0.0703817606,  , , , 4.27633057, -0.0260040779
 , , , 4.28548584, 0.0703423992,  , , , 4.28548584, -0.0267353076
 , , , 4.29464111, 0.0703030601,  , , , 4.29464111, -0.0274565816
 , , , 4.30379639, 0.0702637509,  , , , 4.30379639, -0.0281676948
 , , , 4.31295166, 0.0702244565,  , , , 4.31295166, -0.0288684443
 , , , 4.32210693, 0.0701851845,  , , , 4.32210693, -0.0295586325
 , , , 4.33126221, 0.0701459348,  , , , 4.33126221, -0.0302380659
 , , , 4.34041748, 0.070106715,  , , , 4.34041748, -0.0309065543
 , , , 4.34957275, 0.07006751,  , , , 4.34957275, -0.0315639116
 , , , 4.35872803, 0.0700283274,  , , , 4.35872803, -0.0322099552
 , , , 4.3678833, 0.0699891672,  , , , 4.3678833, -0.0328445062
 , , , 4.37703857, 0.0699500218,  , , , 4.37703857, -0.0334673896
 , , , 4.38619385, 0.0699109063,  , , , 4.38619385, -0.0340784341
 , , , 4.39534912, 0.0698718131,  , , , 4.39534912, -0.0346774757
 , , , 4.40450439, 0.0698327422,  , , , 4.40450439, -0.0352643542
 , , , 4.41365967, 0.0697936863,  , , , 4.41365967, -0.035838902
 , , , 4.42281494, 0.0697546601,  , , , 4.42281494, -0.0364009775
 , , , 4.43197021, 0.0697156489,  , , , 4.43197021, -0.0369504206
 , , , 4.44112549, 0.0696766675,  , , , 4.44112549, -0.0374870896
 , , , 4.45028076, 0.0696377009,  , , , 4.45028076, -0.0380108468
 , , , 4.45943604, 0.0695987642,  , , , 4.45943604, -0.0385215506
 , , , 4.46859131, 0.0695598423,  , , , 4.46859131, -0.0390190706
 , , , 4.47774658, 0.0695209429,  , , , 4.47774658, -0.0395032763
 , , , 4.48690186, 0.0694820657,  , , , 4.48690186, -0.0399740487
 , , , 4.49605713, 0.069443211,  , , , 4.49605713, -0.0404312685
 , , , 4.5052124, 0.0694043785,  , , , 4.5052124, -0.0408748165
 , , , 4.51436768, 0.0693655685,  , , , 4.51436768, -0.0413045883
 , , , 4.52352295, 0.0693267733,  , , , 4.52352295, -0.041720476
 , , , 4.53267822, 0.0692880079,  , , , 4.53267822, -0.0421223752
 , , , 4.5418335, 0.0692492574,  , , , 4.5418335, -0.0425101966
 , , , 4.55098877, 0.0692105368,  , , , 4.55098877, -0.0428838432
 , , , 4.56014404, 0.069171831,  , , , 4.56014404, -0.0432432294
 , , , 4.56929932, 0.0691331476,  , , , 4.56929932, -0.043588277
 , , , 4.57845459, 0.069094494,  , , , 4.57845459, -0.0439189002
 , , , 4.58760986, 0.0690558553,  , , , 4.58760986, -0.0442350321
 , , , 4.59676514, 0.0690172389,  , , , 4.59676514, -0.0445366055
 , , , 4.60592041, 0.0689786375,  , , , 4.60592041, -0.0448235534
 , , , 4.61507568, 0.0689400658,  , , , 4.61507568, -0.0450958163
 , , , 4.62423096, 0.0689015165,  , , , 4.62423096, -0.0453533418
 , , , 4.63338623, 0.0688629821,  , , , 4.63338623, -0.0455960818
 , , , 4.6425415, 0.0688244775,  , , , 4.6425415, -0.0458239913
 , , , 4.65169678, 0.0687859878,  , , , 4.65169678, -0.0460370332
 , , , 4.66085205, 0.0687475204,  , , , 4.66085205, -0.0462351628
 , , , 4.67000732, 0.0687090755,  , , , 4.67000732, -0.0464183614
 , , , 4.6791626, 0.0686706528,  , , , 4.6791626, -0.0465865955
 , , , 4.68831787, 0.0686322525,  , , , 4.68831787, -0.0467398502
 , , , 4.69747314, 0.0685938746,  , , , 4.69747314, -0.0468781032
 , , , 4.70662842, 0.068555519,  , , , 4.70662842, -0.0470013469
 , , , 4.71578369, 0.0685171783,  , , , 4.71578369, -0.0471095741
 , , , 4.72493896, 0.06847886,  , , , 4.72493896, -0.0472027846
 , , , 4.73409424, 0.0684405714,  , , , 4.73409424, -0.0472809784
 , , , 4.74324951, 0.0684022978,  , , , 4.74324951, -0.0473441631
 , , , 4.75240479, 0.0683640465,  , , , 4.75240479, -0.0473923571
 , , , 4.76156006, 0.0683258176,  , , , 4.76156006, -0.0474255681
 , , , 4.77071533, 0.0682876036,  , , , 4.77071533, -0.047443822
 , , , 4.77987061, 0.0682494193,  , , , 4.77987061, -0.0474471487
 , , , 4.78902588, 0.06821125,  , , , 4.78902588, -0.0474355742
 , , , 4.79818115, 0.0681731105,  , , , 4.79818115, -0.0474091358
 , , , 4.80733643, 0.0681349859,  , , , 4.80733643, -0.0473678745
 , , , 4.8164917, 0.0680968836,  , , , 4.8164917, -0.0473118313
 , , , 4.82564697, 0.0680588037,  , , , 4.82564697, -0.0472410582
 , , , 4.83480225, 0.0680207461,  , , , 4.83480225, -0.0471556112
 , , , 4.84395752, 0.0679827034,  , , , 4.84395752, -0.0470555425
 , , , 4.85311279, 0.0679446906,  , , , 4.85311279, -0.046940919
 , , , 4.86226807, 0.0679066926,  , , , 4.86226807, -0.0468118116
 , , , 4.87142334, 0.067868717,  , , , 4.87142334, -0.0466682836
 , , , 4.88057861, 0.0678307638,  , , , 4.88057861, -0.0465104133
 , , , 4.88973389, 0.0677928329,  , , , 4.88973389, -0.0463382863
 , , , 4.89888916, 0.0677549243,  , , , 4.89888916, -0.0461519808
 , , , 4.90804443, 0.0677170381,  , , , 4.90804443, -0.0459515862
 , , , 4.91719971, 0.0676791668,  , , , 4.91719971, -0.0457371995
 , , , 4.92635498, 0.0676413178,  , , , 4.92635498, -0.0455089174
 , , , 4.93551025, 0.0676034987,  , , , 4.93551025, -0.0452668369
 , , , 4.94466553, 0.067565687,  , , , 4.94466553, -0.0450110659
 , , , 4.9538208, 0.0675279051,  , , , 4.9538208, -0.0447417162
 , , , 4.96297607, 0.0674901456,  , , , 4.96297607, -0.0444588996
 , , , 4.97213135, 0.0674524009,  , , , 4.97213135, -0.0441627316
 , , , 4.98128662, 0.0674146861,  , , , 4.98128662, -0.0438533388
 , , , 4.99044189, 0.0673769861,  , , , 4.99044189, -0.0435308404
 , , , 4.99959717, 0.0673393086,  , , , 4.99959717, -0.0431953706
 , , , 5.00875244, 0.0673016533,  , , , 5.00875244, -0.0428470597
 , , , 5.01790771, 0.067264013,  , , , 5.01790771, -0.0424860455
 , , , 5.02706299, 0.0672264025,  , , , 5.02706299, -0.0421124697
 , , , 5.03621826, 0.0671888068,  , , , 5.03621826, -0.0417264774
 , , , 5.04537354, 0.0671512336,  , , , 5.04537354, -0.0413282104
 , , , 5.05452881, 0.0671136826,  , , , 5.05452881, -0.040917825
 , , , 5.06368408, 0.0670761541,  , , , 5.06368408, -0.0404954739
 , , , 5.07283936, 0.0670386404,  , , , 5.07283936, -0.0400613174
 , , , 5.08199463, 0.0670011491,  , , , 5.08199463, -0.0396155156
 , , , 5.0911499, 0.0669636875,  , , , 5.0911499, -0.0391582325
 , , , 5.10030518, 0.0669262409,  , , , 5.10030518, -0.0386896357
 , , , 5.10946045, 0.0668888092,  , , , 5.10946045, -0.0382099003
 , , , 5.11861572, 0.0668514073,  , , , 5.11861572, -0.0377191976
 , , , 5.127771, 0.0668140203,  , , , 5.127771, -0.0372177064
 , , , 5.13692627, 0.0667766631,  , , , 5.13692627, -0.0367056057
 , , , 5.14608154, 0.0667393208,  , , , 5.14608154, -0.0361830816
 , , , 5.15523682, 0.0667019933,  , , , 5.15523682, -0.0356503166
 , , , 5.16439209, 0.0666646957,  , , , 5.16439209, -0.0351075046
 , , , 5.17354736, 0.066627413,  , , , 5.17354736, -0.0345548317
 , , , 5.18270264, 0.0665901601,  , , , 5.18270264, -0.0339924991
 , , , 5.19185791, 0.0665529221,  , , , 5.19185791, -0.0334206969
 , , , 5.20101318, 0.066515699,  , , , 5.20101318, -0.0328396298
 , , , 5.21016846, 0.0664785057,  , , , 5.21016846, -0.0322494991
 , , , 5.21932373, 0.0664413273,  , , , 5.21932373, -0.0316505097
 , , , 5.228479, 0.0664041787,  , , , 5.228479, -0.0310428645
 , , , 5.23763428, 0.066367045,  , , , 5.23763428, -0.0304267779
 , , , 5.24678955, 0.0663299263,  , , , 5.24678955, -0.0298024602
 , , , 5.25594482, 0.0662928373,  , , , 5.25594482, -0.0291701239
 , , , 5.2651001, 0.0662557632,  , , , 5.2651001, -0.0285299849
 , , , 5.27425537, 0.0662187114,  , , , 5.27425537, -0.0278822612
 , , , 5.28341064, 0.0661816821,  , , , 5.28341064, -0.0272271726
 , , , 5.29256592, 0.066144675,  , , , 5.29256592, -0.0265649389
 , , , 5.30172119, 0.0661076829,  , , , 5.30172119, -0.0258957837
 , , , 5.31087646, 0.0660707206,  , , , 5.31087646, -0.0252199341
 , , , 5.32003174, 0.0660337731,  , , , 5.32003174, -0.0245376136
 , , , 5.32918701, 0.0659968406,  , , , 5.32918701, -0.0238490533
 , , , 5.33834229, 0.0659599379,  , , , 5.33834229, -0.0231544785
 , , , 5.34749756, 0.06592305,  , , , 5.34749756, -0.0224541239
 , , , 5.35665283, 0.0658861846,  , , , 5.35665283, -0.0217482205
 , , , 5.36580811, 0.0658493415,  , , , 5.36580811, -0.0210370012
 , , , 5.37496338, 0.0658125207,  , , , 5.37496338, -0.0203207005
 , , , 5.38411865, 0.0657757148,  , , , 5.38411865, -0.0195995532
 , , , 5.39327393, 0.0657389313,  , , , 5.39327393, -0.0188737996
 , , , 5.4024292, 0.0657021701,  , , , 5.4024292, -0.0181436744
 , , , 5.41158447, 0.0656654313,  , , , 5.41158447, -0.0174094159
 , , , 5.42073975, 0.0656287074,  , , , 5.42073975, -0.0166712664
 , , , 5.42989502, 0.0655920058,  , , , 5.42989502, -0.0159294624
 , , , 5.43905029, 0.0655553266,  , , , 5.43905029, -0.015184246
 , , , 5.44820557, 0.0655186698,  , , , 5.44820557, -0.0144358585
 , , , 5.45736084, 0.0654820278,  , , , 5.45736084, -0.0136845419
 , , , 5.46651611, 0.0654454157,  , , , 5.46651611, -0.0129305376
 , , , 5.47567139, 0.0654088184,  , , , 5.47567139, -0.0121740885
 , , , 5.48482666, 0.0653722361,  , , , 5.48482666, -0.0114154369
 , , , 5.49398193, 0.0653356835,  , , , 5.49398193, -0.0106548257
 , , , 5.50313721, 0.0652991459,  , , , 5.50313721, -0.00989249814
 , , , 5.51229248, 0.0652626306,  , , , 5.51229248, -0.00912869629
 , , , 5.52144775, 0.0652261302,  , , , 5.52144775, -0.00836366415
 , , , 5.53060303, 0.0651896596,  , , , 5.53060303, -0.00759764481
 , , , 5.5397583, 0.0651532039,  , , , 5.5397583, -0.00683087949
 , , , 5.54891357, 0.0651167706,  , , , 5.54891357, -0.00606361078
 , , , 5.55806885, 0.0650803521,  , , , 5.55806885, -0.00529608084
 , , , 5.56722412, 0.0650439635,  , , , 5.56722412, -0.00452853134
 , , , 5.57637939, 0.0650075898,  , , , 5.57637939, -0.00376120326
 , , , 5.58553467, 0.0649712309,  , , , 5.58553467, -0.00299433642
 , , , 5.59468994, 0.0649349019,  , , , 5.59468994, -0.00222817087
 , , , 5.60384521, 0.0648985878,  , , , 5.60384521, -0.00146294571
 , , , 5.61300049, 0.064862296,  , , , 5.61300049, -0.000698898919
 , , , 5.62215576, 0.0648260266,  , , , 5.62215576, 6.37321718e-05
 , , , 5.63131104, 0.064789772,  , , , 5.63131104, 0.000824711169
 , , , 5.64046631, 0.0647535399,  , , , 5.64046631, 0.00158380286
 , , , 5.64962158, 0.06471733,  , , , 5.64962158, 0.00234077289
 , , , 5.65877686, 0.0646811426,  , , , 5.65877686, 0.00309538818
 , , , 5.66793213, 0.06464497,  , , , 5.66793213, 0.00384741719
 , , , 5.6770874, 0.0646088198,  , , , 5.6770874, 0.00459662918
 , , , 5.68624268, 0.0645726919,  , , , 5.68624268, 0.00534279458
 , , , 5.69539795, 0.064536579,  , , , 5.69539795, 0.00608568685
 , , , 5.70455322, 0.0645004958,  , , , 5.70455322, 0.00682507874
 , , , 5.7137085, 0.0644644201,  , , , 5.7137085, 0.00756074628
 , , , 5.72286377, 0.0644283742,  , , , 5.72286377, 0.0082924664
 , , , 5.73201904, 0.0643923432,  , , , 5.73201904, 0.00902001746
 , , , 5.74117432, 0.0643563345,  , , , 5.74117432, 0.00974318013
 , , , 5.75032959, 0.0643203482,  , , , 5.75032959, 0.0104617374
 , , , 5.75948486, 0.0642843768,  , , , 5.75948486, 0.0111754732
 , , , 5.76864014, 0.0642484277,  , , , 5.76864014, 0.0118841743
 , , , 5.77779541, 0.064212501,  , , , 5.77779541, 0.0125876283
 , , , 5.78695068, 0.0641765967,  , , , 5.78695068, 0.0132856257
 , , , 5.79610596, 0.0641407073,  , , , 5.79610596, 0.0139779598
 , , , 5.80526123, 0.0641048402,  , , , 5.80526123, 0.0146644246
 , , , 5.8144165, 0.064068988,  , , , 5.8144165, 0.0153448172
 , , , 5.82357178, 0.0640331581,  , , , 5.82357178, 0.0160189383
 , , , 5.83272705, 0.0639973506,  , , , 5.83272705, 0.0166865867
 , , , 5.84188232, 0.0639615655,  , , , 5.84188232, 0.0173475705
 , , , 5.8510376, 0.0639257953,  , , , 5.8510376, 0.0180016942
 , , , 5.86019287, 0.0638900474,  , , , 5.86019287, 0.0186487678
 , , , 5.86934814, 0.0638543218,  , , , 5.86934814, 0.0192886051
 , , , 5.87850342, 0.0638186112,  , , , 5.87850342, 0.0199210159
 , , , 5.88765869, 0.0637829229,  , , , 5.88765869, 0.0205458216
 , , , 5.89681396, 0.063747257,  , , , 5.89681396, 0.0211628415
 , , , 5.90596924, 0.063711606,  , , , 5.90596924, 0.0217718985
 , , , 5.91512451, 0.0636759773,  , , , 5.91512451, 0.0223728195
 , , , 5.92427979, 0.063640371,  , , , 5.92427979, 0.0229654312
 , , , 5.93343506, 0.0636047795,  , , , 5.93343506, 0.023549566
 , , , 5.94259033, 0.0635692179,  , , , 5.94259033, 0.0241250601
 , , , 5.95174561, 0.0635336637,  , , , 5.95174561, 0.0246917494
 , , , 5.96090088, 0.0634981394,  , , , 5.96090088, 0.0252494756
 , , , 5.97005615, 0.0634626299,  , , , 5.97005615, 0.0257980824
 , , , 5.97921143, 0.0634271428,  , , , 5.97921143, 0.0263374187
 , , , 5.9883667, 0.0633916706,  , , , 5.9883667, 0.0268673357
 , , , 5.99752197, 0.0633562207,  , , , 5.99752197, 0.0273876842
 , , , 6.00667725, 0.0633207932,  , , , 6.00667725, 0.0278983209
 , , , 6.01583252, 0.0632853806,  , , , 6.01583252, 0.0283991117
 , , , 6.02498779, 0.0632499903,  , , , 6.02498779, 0.028889915
 , , , 6.03414307, 0.0632146224,  , , , 6.03414307, 0.0293706004
 , , , 6.04329834, 0.0631792694,  , , , 6.04329834, 0.0298410375
 , , , 6.05245361, 0.0631439388,  , , , 6.05245361, 0.0303011015
 , , , 6.06160889, 0.0631086305,  , , , 6.06160889, 0.0307506714
 , , , 6.07076416, 0.0630733371,  , , , 6.07076416, 0.0311896261
 , , , 6.07991943, 0.063038066,  , , , 6.07991943, 0.0316178538
 , , , 6.08907471, 0.0630028173,  , , , 6.08907471, 0.032035239
 , , , 6.09822998, 0.0629675835,  , , , 6.09822998, 0.0324416757
 , , , 6.10738525, 0.0629323721,  , , , 6.10738525, 0.0328370593
 , , , 6.11654053, 0.062897183,  , , , 6.11654053, 0.0332212932
 , , , 6.1256958, 0.0628620088,  , , , 6.1256958, 0.0335942768
 , , , 6.13485107, 0.062826857,  , , , 6.13485107, 0.0339559168
 , , , 6.14400635, 0.06279172,  , , , 6.14400635, 0.0343061239
 , , , 6.15316162, 0.0627566054,  , , , 6.15316162, 0.0346448123
 , , , 6.16231689, 0.0627215132,  , , , 6.16231689, 0.034971904
 , , , 6.17147217, 0.0626864359,  , , , 6.17147217, 0.0352873206
 , , , 6.18062744, 0.0626513809,  , , , 6.18062744, 0.0355909839
 , , , 6.18978271, 0.0626163483,  , , , 6.18978271, 0.0358828269
 , , , 6.19893799, 0.0625813305,  , , , 6.19893799, 0.0361627825
 , , , 6.20809326, 0.0625463352,  , , , 6.20809326, 0.0364307873
 , , , 6.21724854, 0.0625113621,  , , , 6.21724854, 0.0366867818
 , , , 6.22640381, 0.0624764003,  , , , 6.22640381, 0.0369307175
 , , , 6.23555908, 0.0624414645,  , , , 6.23555908, 0.0371625386
 , , , 6.24471436, 0.0624065474,  , , , 6.24471436, 0.0373821966
 , , , 6.25386963, 0.0623716488,  , , , 6.25386963, 0.0375896543
 , , , 6.2630249, 0.062336769,  , , , 6.2630249, 0.037784867
 , , , 6.27218018, 0.0623019114,  , , , 6.27218018, 0.0379678048
 , , , 6.28133545, 0.0622670688,  , , , 6.28133545, 0.0381384343
 , , , 6.29049072, 0.0622322485,  , , , 6.29049072, 0.0382967256
 , , , 6.299646, 0.0621974468,  , , , 6.299646, 0.0384426564
 , , , 6.30880127, 0.0621626675,  , , , 6.30880127, 0.0385762118
 , , , 6.31795654, 0.0621279068,  , , , 6.31795654, 0.0386973731
 , , , 6.32711182, 0.062093161,  , , , 6.32711182, 0.0388061255
 , , , 6.33626709, 0.0620584376,  , , , 6.33626709, 0.038902469
 , , , 6.34542236, 0.0620237365,  , , , 6.34542236, 0.0389863923
 , , , 6.35457764, 0.0619890504,  , , , 6.35457764, 0.0390578993
 , , , 6.36373291, 0.0619543865,  , , , 6.36373291, 0.0391169973
 , , , 6.37288818, 0.0619197413,  , , , 6.37288818, 0.0391636863
 , , , 6.38204346, 0.0618851148,  , , , 6.38204346, 0.0391979851
 , , , 6.39119873, 0.0618505068,  , , , 6.39119873, 0.0392199084
 , , , 6.400354, 0.0618159212,  , , , 6.400354, 0.039229475
 , , , 6.40950928, 0.0617813505,  , , , 6.40950928, 0.0392267071
 , , , 6.41866455, 0.0617468022,  , , , 6.41866455, 0.0392116308
 , , , 6.42781982, 0.0617122725,  , , , 6.42781982, 0.0391842797
 , , , 6.4369751, 0.0616777651,  , , , 6.4369751, 0.0391446911
 , , , 6.44613037, 0.0616432726,  , , , 6.44613037, 0.0390928984
 , , , 6.45528564, 0.0616088025,  , , , 6.45528564, 0.0390289426
 , , , 6.46444092, 0.0615743473,  , , , 6.46444092, 0.0389528796
 , , , 6.47359619, 0.0615399145,  , , , 6.47359619, 0.0388647504
 , , , 6.48275146, 0.0615055002,  , , , 6.48275146, 0.0387646109
 , , , 6.49190674, 0.0614711083,  , , , 6.49190674, 0.0386525169
 , , , 6.50106201, 0.0614367314,  , , , 6.50106201, 0.0385285318
 , , , 6.51021729, 0.0614023767,  , , , 6.51021729, 0.0383927189
 , , , 6.51937256, 0.0613680407,  , , , 6.51937256, 0.038245149
 , , , 6.52852783, 0.0613337196,  , , , 6.52852783, 0.0380858853
 , , , 6.53768311, 0.0612994209,  , , , 6.53768311, 0.0379150137
 , , , 6.54683838, 0.0612651445,  , , , 6.54683838, 0.0377326049
 , , , 6.55599365, 0.061230883,  , , , 6.55599365, 0.0375387408
 , , , 6.56514893, 0.0611966439,  , , , 6.56514893, 0.0373335108
 , , , 6.5743042, 0.0611624196,  , , , 6.5743042, 0.0371170007
 , , , 6.58345947, 0.0611282177,  , , , 6.58345947, 0.0368893072
 , , , 6.59261475, 0.0610940345,  , , , 6.59261475, 0.0366505198
 , , , 6.60177002, 0.0610598698,  , , , 6.60177002, 0.0364007391
 , , , 6.61092529, 0.0610257238,  , , , 6.61092529, 0.0361400694
 , , , 6.62008057, 0.0609915964,  , , , 6.62008057, 0.0358686112
 , , , 6.62923584, 0.0609574914,  , , , 6.62923584, 0.0355864763
 , , , 6.63839111, 0.0609234013,  , , , 6.63839111, 0.0352937765
 , , , 6.64754639, 0.0608893335,  , , , 6.64754639, 0.0349906273
 , , , 6.65670166, 0.0608552843,  , , , 6.65670166, 0.0346771404
 , , , 6.66585693, 0.0608212538,  , , , 6.66585693, 0.0343534425
 , , , 6.67501221, 0.0607872419,  , , , 6.67501221, 0.0340196528
 , , , 6.68416748, 0.0607532486,  , , , 6.68416748, 0.0336759016
 , , , 6.69332275, 0.060719274,  , , , 6.69332275, 0.0333223157
 , , , 6.70247803, 0.060685318,  , , , 6.70247803, 0.0329590254
 , , , 6.7116333, 0.0606513843,  , , , 6.7116333, 0.0325861685
 , , , 6.72078857, 0.0606174655,  , , , 6.72078857, 0.0322038829
 , , , 6.72994385, 0.0605835691,  , , , 6.72994385, 0.0318123065
 , , , 6.73909912, 0.0605496876,  , , , 6.73909912, 0.0314115807
 , , , 6.74825439, 0.0605158284,  , , , 6.74825439, 0.0310018547
 , , , 6.75740967, 0.0604819879,  , , , 6.75740967, 0.0305832755
 , , , 6.76656494, 0.060448166,  , , , 6.76656494, 0.0301559921
 , , , 6.77572021, 0.0604143627,  , , , 6.77572021, 0.0297201574
 , , , 6.78487549, 0.060380578,  , , , 6.78487549, 0.0292759277
 , , , 6.79403076, 0.060346812,  , , , 6.79403076, 0.0288234595
 , , , 6.80318604, 0.0603130646,  , , , 6.80318604, 0.0283629131
 , , , 6.81234131, 0.0602793396,  , , , 6.81234131, 0.0278944485
 , , , 6.82149658, 0.0602456294,  , , , 6.82149658, 0.0274182316
 , , , 6.83065186, 0.0602119379,  , , , 6.83065186, 0.0269344281
 , , , 6.83980713, 0.0601782687,  , , , 6.83980713, 0.0264432058
 , , , 6.8489624, 0.0601446144,  , , , 6.8489624, 0.025944734
 , , , 6.85811768, 0.0601109825,  , , , 6.85811768, 0.025439186
 , , , 6.86727295, 0.0600773692,  , , , 6.86727295, 0.0249267351
 , , , 6.87642822, 0.0600437708,  , , , 6.87642822, 0.0244075581
 , , , 6.8855835, 0.0600101948,  , , , 6.8855835, 0.0238818303
 , , , 6.89473877, 0.0599766374,  , , , 6.89473877, 0.0233497322
 , , , 6.90389404, 0.0599430948,  , , , 6.90389404, 0.0228114426
 , , , 6.91304932, 0.0599095747,  , , , 6.91304932, 0.022267146
 , , , 6.92220459, 0.0598760732,  , , , 6.92220459, 0.021717025
 , , , 6.93135986, 0.0598425902,  , , , 6.93135986, 0.0211612638
 , , , 6.94051514, 0.059809126,  , , , 6.94051514, 0.0206000507
 , , , 6.94967041, 0.0597756803,  , , , 6.94967041, 0.0200335737
 , , , 6.95882568, 0.0597422533,  , , , 6.95882568, 0.0194620192
 , , , 6.96798096, 0.0597088449,  , , , 6.96798096, 0.0188855808
 , , , 6.97713623, 0.0596754551,  , , , 6.97713623, 0.0183044467
 , , , 6.9862915, 0.0596420839,  , , , 6.9862915, 0.0177188125
 , , , 6.99544678, 0.0596087314,  , , , 6.99544678, 0.017128868
 , , , 7.00460205, 0.0595753975,  , , , 7.00460205, 0.0165348109
 , , , 7.01375732, 0.0595420823,  , , , 7.01375732, 0.0159368347
 , , , 7.0229126, 0.0595087856,  , , , 7.0229126, 0.015335137
 , , , 7.03206787, 0.0594755076,  , , , 7.03206787, 0.0147299133
 , , , 7.04122314, 0.0594422482,  , , , 7.04122314, 0.0141213611
 , , , 7.05037842, 0.0594090074,  , , , 7.05037842, 0.0135096787
 , , , 7.05953369, 0.0593757853,  , , , 7.05953369, 0.0128950654
 , , , 7.06868896, 0.0593425818,  , , , 7.06868896, 0.0122777196
 , , , 7.07784424, 0.0593093969,  , , , 7.07784424, 0.0116578415
 , , , 7.08699951, 0.0592762306,  , , , 7.08699951, 0.0110356305
 , , , 7.09615479, 0.059243083,  , , , 7.09615479, 0.0104112877
 , , , 7.10531006, 0.0592099503,  , , , 7.10531006, 0.00978501327
 , , , 7.11446533, 0.0591768399,  , , , 7.11446533, 0.00915700663
 , , , 7.12362061, 0.0591437481,  , , , 7.12362061, 0.00852747075
 , , , 7.13277588, 0.059110675,  , , , 7.13277588, 0.00789660588
 , , , 7.14193115, 0.0590776205,  , , , 7.14193115, 0.00726461178
 , , , 7.15108643, 0.0590445809,  , , , 7.15108643, 0.00663169008
 , , , 7.1602417, 0.0590115637,  , , , 7.1602417, 0.00599804148
 , , , 7.16939697, 0.058978565,  , , , 7.16939697, 0.00536386622
 , , , 7.17855225, 0.0589455813,  , , , 7.17855225, 0.00472936453
 , , , 7.18770752, 0.0589126199,  , , , 7.18770752, 0.00409473665
 , , , 7.19686279, 0.0588796735,  , , , 7.19686279, 0.00346018118
 , , , 7.20601807, 0.0588467494,  , , , 7.20601807, 0.00282589765
 , , , 7.21517334, 0.0588138402,  , , , 7.21517334, 0.00219208468
 , , , 7.22432861, 0.0587809533,  , , , 7.22432861, 0.00155893993
 , , , 7.23348389, 0.0587480813,  , , , 7.23348389, 0.000926660839
 , , , 7.24263916, 0.058715228,  , , , 7.24263916, 0.000295444013
 , , , 7.25179443, 0.0586823933,  , , , 7.25179443, -0.000334514683
 , , , 7.26094971, 0.0586495772,  , , , 7.26094971, -0.000963020255
 , , , 7.27010498, 0.0586167797,  , , , 7.27010498, -0.00158987858
 , , , 7.27926025, 0.0585840009,  , , , 7.27926025, -0.00221489626
 , , , 7.28841553, 0.0585512407,  , , , 7.28841553, -0.00283788121
 , , , 7.2975708, 0.0585184991,  , , , 7.2975708, -0.0034586424
 , , , 7.30672607, 0.0584857725,  , , , 7.30672607, -0.00407698937
 , , , 7.31588135, 0.0584530681,  , , , 7.31588135, -0.00469273329
 , , , 7.32503662, 0.0584203787,  , , , 7.32503662, -0.0053056865
 , , , 7.33419189, 0.0583877116,  , , , 7.33419189, -0.00591566321
 , , , 7.34334717, 0.0583550595,  , , , 7.34334717, -0.00652247714
 , , , 7.35250244, 0.0583224259,  , , , 7.35250244, -0.0071259453
 , , , 7.36165771, 0.058289811,  , , , 7.36165771, -0.0077258856
 , , , 7.37081299, 0.0582572147,  , , , 7.37081299, -0.00832211692
 , , , 7.37996826, 0.0582246371,  , , , 7.37996826, -0.00891446043
 , , , 7.38912354, 0.058192078,  , , , 7.38912354, -0.00950273778
 , , , 7.39827881, 0.0581595376,  , , , 7.39827881, -0.0100867739
 , , , 7.40743408, 0.0581270121,  , , , 7.40743408, -0.0106663937
 , , , 7.41658936, 0.0580945089,  , , , 7.41658936, -0.0112414248
 , , , 7.42574463, 0.0580620207,  , , , 7.42574463, -0.0118116979
 , , , 7.4348999, 0.0580295511,  , , , 7.4348999, -0.0123770423
 , , , 7.44405518, 0.0579971001,  , , , 7.44405518, -0.0129372925
 , , , 7.45321045, 0.0579646677,  , , , 7.45321045, -0.0134922834
 , , , 7.46236572, 0.0579322539,  , , , 7.46236572, -0.0140418513
 , , , 7.471521, 0.0578998588,  , , , 7.471521, -0.0145858359
 , , , 7.48067627, 0.0578674786,  , , , 7.48067627, -0.0151240779
 , , , 7.48983154, 0.0578351207,  , , , 7.48983154, -0.015656421
 , , , 7.49898682, 0.0578027777,  , , , 7.49898682, -0.0161827095
 , , , 7.50814209, 0.0577704534,  , , , 7.50814209, -0.0167027935
 , , , 7.51729736, 0.0577381477,  , , , 7.51729736, -0.0172165222
 , , , 7.52645264, 0.0577058606,  , , , 7.52645264, -0.0177237485
 , , , 7.53560791, 0.0576735884,  , , , 7.53560791, -0.018224325
 , , , 7.54476318, 0.0576413386,  , , , 7.54476318, -0.0187181104
 , , , 7.55391846, 0.0576091036,  , , , 7.55391846, -0.019204963
 , , , 7.56307373, 0.0575768873,  , , , 7.56307373, -0.0196847469
 , , , 7.572229, 0.0575446896,  , , , 7.572229, -0.0201573242
 , , , 7.58138428, 0.0575125106,  , , , 7.58138428, -0.0206225645
 , , , 7.59053955, 0.0574803501,  , , , 7.59053955, -0.0210803356
 , , , 7.59969482, 0.0574482046,  , , , 7.59969482, -0.021530509
 , , , 7.6088501, 0.0574160814,  , , , 7.6088501, -0.0219729636
 , , , 7.61800537, 0.0573839732,  , , , 7.61800537, -0.0224075727
 , , , 7.62716064, 0.0573518835,  , , , 7.62716064, -0.0228342209
 , , , 7.63631592, 0.0573198125,  , , , 7.63631592, -0.0232527871
 , , , 7.64547119, 0.0572877564,  , , , 7.64547119, -0.0236631595
 , , , 7.65462646, 0.0572557226,  , , , 7.65462646, -0.0240652245
 , , , 7.66378174, 0.0572237037,  , , , 7.66378174, -0.0244588777
 , , , 7.67293701, 0.0571917035,  , , , 7.67293701, -0.0248440113
 , , , 7.68209229, 0.0571597219,  , , , 7.68209229, -0.0252205227
 , , , 7.69124756, 0.0571277551,  , , , 7.69124756, -0.0255883113
 , , , 7.70040283, 0.0570958108,  , , , 7.70040283, -0.0259472821
 , , , 7.70955811, 0.0570638813,  , , , 7.70955811, -0.0262973402
 , , , 7.71871338, 0.0570319705,  , , , 7.71871338, -0.0266383942
 , , , 7.72786865, 0.0570000783,  , , , 7.72786865, -0.0269703586
 , , , 7.73702393, 0.056968201,  , , , 7.73702393, -0.0272931457
 , , , 7.7461792, 0.056936346,  , , , 7.7461792, -0.0276066773
 , , , 7.75533447, 0.0569045059,  , , , 7.75533447, -0.0279108714
 , , , 7.76448975, 0.0568726845,  , , , 7.76448975, -0.0282056537
 , , , 7.77364502, 0.0568408817,  , , , 7.77364502, -0.0284909531
 , , , 7.78280029, 0.0568090938,  , , , 7.78280029, -0.0287666991
 , , , 7.79195557, 0.0567773245,  , , , 7.79195557, -0.0290328246
 , , , 7.80111084, 0.0567455739,  , , , 7.80111084, -0.0292892698
 , , , 7.81026611, 0.0567138419,  , , , 7.81026611, -0.0295359716
 , , , 7.81942139, 0.0566821285,  , , , 7.81942139, -0.0297728758
 , , , 7.82857666, 0.05665043,  , , , 7.82857666, -0.0299999267
 , , , 7.83773193, 0.0566187501,  , , , 7.83773193, -0.0302170757
 , , , 7.84688721, 0.0565870889,  , , , 7.84688721, -0.0304242764
 , , , 7.85604248, 0.0565554425,  , , , 7.85604248, -0.0306214839
 , , , 7.86519775, 0.0565238185,  , , , 7.86519775, -0.0308086574
 , , , 7.87435303, 0.0564922094,  , , , 7.87435303, -0.0309857614
 , , , 7.8835083, 0.056460619,  , , , 7.8835083, -0.0311527606
 , , , 7.89266357, 0.0564290434,  , , , 7.89266357, -0.0313096233
 , , , 7.90181885, 0.0563974902,  , , , 7.90181885, -0.0314563215
 , , , 7.91097412, 0.0563659519,  , , , 7.91097412, -0.0315928347
 , , , 7.92012939, 0.0563344285,  , , , 7.92012939, -0.0317191407
 , , , 7.92928467, 0.0563029274,  , , , 7.92928467, -0.031835217
 , , , 7.93843994, 0.0562714413,  , , , 7.93843994, -0.0319410563
 , , , 7.94759521, 0.0562399738,  , , , 7.94759521, -0.0320366398
 , , , 7.95675049, 0.0562085249,  , , , 7.95675049, -0.0321219638
 , , , 7.96590576, 0.0561770909,  , , , 7.96590576, -0.0321970247
 , , , 7.97506104, 0.0561456755,  , , , 7.97506104, -0.0322618186
 , , , 7.98421631, 0.0561142787,  , , , 7.98421631, -0.0323163494
 , , , 7.99337158, 0.0560829006,  , , , 7.99337158, -0.0323606171
 , , , 8.00252686, 0.0560515374,  , , , 8.00252686, -0.0323946327
 , , , 8.01168213, 0.0560201928,  , , , 8.01168213, -0.0324184112
 , , , 8.0208374, 0.0559888668,  , , , 8.0208374, -0.0324319601
 , , , 8.02999268, 0.0559575558,  , , , 8.02999268, -0.0324353017
 , , , 8.03914795, 0.0559262633,  , , , 8.03914795, -0.0324284546
 , , , 8.04830322, 0.0558949895,  , , , 8.04830322, -0.0324114449
 , , , 8.0574585, 0.0558637306,  , , , 8.0574585, -0.032384295
 , , , 8.06661377, 0.0558324941,  , , , 8.06661377, -0.0323470421
 , , , 8.07576904, 0.0558012724,  , , , 8.07576904, -0.032299716
 , , , 8.08492432, 0.0557700656,  , , , 8.08492432, -0.0322423503
 , , , 8.09407959, 0.0557388775,  , , , 8.09407959, -0.0321749896
 , , , 8.10323486, 0.055707708,  , , , 8.10323486, -0.0320976749
 , , , 8.11239014, 0.0556765571,  , , , 8.11239014, -0.0320104472
 , , , 8.12154541, 0.0556454211,  , , , 8.12154541, -0.0319133624
 , , , 8.13070068, 0.0556143038,  , , , 8.13070068, -0.0318064652
 , , , 8.13985596, 0.0555832051,  , , , 8.13985596, -0.0316898152
 , , , 8.14901123, 0.0555521213,  , , , 8.14901123, -0.0315634683
 , , , 8.1581665, 0.0555210561,  , , , 8.1581665, -0.0314274877
 , , , 8.16732178, 0.0554900058,  , , , 8.16732178, -0.0312819295
 , , , 8.17647705, 0.0554589778,  , , , 8.17647705, -0.0311268661
 , , , 8.18563232, 0.0554279648,  , , , 8.18563232, -0.0309623629
 , , , 8.1947876, 0.0553969666,  , , , 8.1947876, -0.0307884943
 , , , 8.20394287, 0.0553659871,  , , , 8.20394287, -0.0306053348
 , , , 8.21309814, 0.0553350262,  , , , 8.21309814, -0.0304129608
 , , , 8.22225342, 0.055304084,  , , , 8.22225342, -0.0302114505
 , , , 8.23140869, 0.0552731566,  , , , 8.23140869, -0.0300008915
 , , , 8.24056396, 0.0552422479,  , , , 8.24056396, -0.0297813658
 , , , 8.24971924, 0.055211354,  , , , 8.24971924, -0.0295529608
 , , , 8.25887451, 0.0551804788,  , , , 8.25887451, -0.0293157697
 , , , 8.26802979, 0.0551496223,  , , , 8.26802979, -0.0290698837
 , , , 8.27718506, 0.0551187843,  , , , 8.27718506, -0.0288154017
 , , , 8.28634033, 0.0550879613,  , , , 8.28634033, -0.0285524186
 , , , 8.29549561, 0.0550571531,  , , , 8.29549561, -0.0282810349
 , , , 8.30465088, 0.0550263636,  , , , 8.30465088, -0.0280013569
 , , , 8.31380615, 0.0549955927,  , , , 8.31380615, -0.0277134888
 , , , 8.32296143, 0.0549648404,  , , , 8.32296143, -0.0274175368
 , , , 8.3321167, 0.054934103,  , , , 8.3321167, -0.0271136127
 , , , 8.34127197, 0.0549033843,  , , , 8.34127197, -0.0268018302
 , , , 8.35042725, 0.0548726805,  , , , 8.35042725, -0.0264823008
 , , , 8.35958252, 0.0548419952,  , , , 8.35958252, -0.026155144
 , , , 8.36873779, 0.0548113249,  , , , 8.36873779, -0.0258204769
 , , , 8.37789307, 0.054780677,  , , , 8.37789307, -0.0254784226
 , , , 8.38704834, 0.0547500402,  , , , 8.38704834, -0.0251291022
 , , , 8.39620361, 0.0547194257,  , , , 8.39620361, -0.0247726422
 , , , 8.40535889, 0.0546888262,  , , , 8.40535889, -0.0244091693
 , , , 8.41451416, 0.0546582416,  , , , 8.41451416, -0.024038814
 , , , 8.42366943, 0.0546276756,  , , , 8.42366943, -0.0236617047
 , , , 8.43282471, 0.0545971282,  , , , 8.43282471, -0.0232779756
 , , , 8.44197998, 0.0545665957,  , , , 8.44197998, -0.0228877626
 , , , 8.45113525, 0.0545360819,  , , , 8.45113525, -0.0224911999
 , , , 8.46029053, 0.0545055866,  , , , 8.46029053, -0.0220884252
 , , , 8.4694458, 0.0544751063,  , , , 8.4694458, -0.0216795821
 , , , 8.47860107, 0.0544446409,  , , , 8.47860107, -0.0212648064
 , , , 8.48775635, 0.0544141941,  , , , 8.48775635, -0.0208442453
 , , , 8.49691162, 0.0543837659,  , , , 8.49691162, -0.0204180423
 , , , 8.50606689, 0.0543533564,  , , , 8.50606689, -0.0199863408
 , , , 8.51522217, 0.054322958,  , , , 8.51522217, -0.0195492916
 , , , 8.52437744, 0.054292582,  , , , 8.52437744, -0.0191070419
 , , , 8.53353271, 0.0542622209,  , , , 8.53353271, -0.0186597407
 , , , 8.54268799, 0.0542318784,  , , , 8.54268799, -0.0182075389
 , , , 8.55184326, 0.0542015508,  , , , 8.55184326, -0.017750591
 , , , 8.56099854, 0.0541712381,  , , , 8.56099854, -0.0172890481
 , , , 8.57015381, 0.0541409478,  , , , 8.57015381, -0.0168230683
 , , , 8.57930908, 0.0541106686,  , , , 8.57930908, -0.0163528044
 , , , 8.58846436, 0.0540804118,  , , , 8.58846436, -0.0158784147
 , , , 8.59761963, 0.0540501699,  , , , 8.59761963, -0.0154000549
 , , , 8.6067749, 0.0540199429,  , , , 8.6067749, -0.0149178859
 , , , 8.61593018, 0.0539897345,  , , , 8.61593018, -0.0144320661
 , , , 8.62508545, 0.053959541,  , , , 8.62508545, -0.0139427567
 , , , 8.63424072, 0.0539293662,  , , , 8.63424072, -0.0134501178
 , , , 8.643396, 0.0538992099,  , , , 8.643396, -0.0129543114
 , , , 8.65255127, 0.0538690686,  , , , 8.65255127, -0.0124555007
 , , , 8.66170654, 0.0538389459,  , , , 8.66170654, -0.0119538475
 , , , 8.67086182, 0.0538088381,  , , , 8.67086182, -0.0114495158
 , , , 8.68001709, 0.0537787452,  , , , 8.68001709, -0.0109426696
 , , , 8.68917236, 0.053748671,  , , , 8.68917236, -0.0104334736
 , , , 8.69832764, 0.0537186153,  , , , 8.69832764, -0.00992209185
 , , , 8.70748291, 0.0536885746,  , , , 8.70748291, -0.00940869097
 , , , 8.71663818, 0.0536585525,  , , , 8.71663818, -0.00889343489
 , , , 8.72579346, 0.0536285453,  , , , 8.72579346, -0.00837649032
 , , , 8.73494873, 0.0535985567,  , , , 8.73494873, -0.00785802305
 , , , 8.744104, 0.053568583,  , , , 8.744104, -0.00733819883
 , , , 8.75325928, 0.0535386279,  , , , 8.75325928, -0.00681718392
 , , , 8.76241455, 0.0535086878,  , , , 8.76241455, -0.00629514409
 , , , 8.77156982, 0.0534787662,  , , , 8.77156982, -0.00577224558
 , , , 8.7807251, 0.0534488596,  , , , 8.7807251, -0.00524865417
 , , , 8.78988037, 0.0534189716,  , , , 8.78988037, -0.00472453563
 , , , 8.79903564, 0.0533890985,  , , , 8.79903564, -0.0042000562
 , , , 8.80819092, 0.0533592403,  , , , 8.80819092, -0.00367538072
 , , , 8.81734619, 0.0533294007,  , , , 8.81734619, -0.00315067451
 , , , 8.82650146, 0.0532995798,  , , , 8.82650146, -0.00262610242
 , , , 8.83565674, 0.0532697737,  , , , 8.83565674, -0.00210182834
 , , , 8.84481201, 0.0532399863,  , , , 8.84481201, -0.00157801667
 , , , 8.85396729, 0.0532102138,  , , , 8.85396729, -0.00105483073
 , , , 8.86312256, 0.0531804562,  , , , 8.86312256, -0.000532433274
 , , , 8.87227783, 0.0531507172,  , , , 8.87227783, -1.09866469e-05
 , , , 8.88143311, 0.0531209968,  , , , 8.88143311, 0.000509347476
 , , , 8.89058838, 0.0530912876,  , , , 8.89058838, 0.00102840818
 , , , 8.89974365, 0.0530616008,  , , , 8.89974365, 0.0015460354
 , , , 8.90889893, 0.0530319288,  , , , 8.90889893, 0.00206206948
 , , , 8.9180542, 0.0530022718,  , , , 8.9180542, 0.0025763521
 , , , 8.92720947, 0.0529726334,  , , , 8.92720947, 0.00308872527
 , , , 8.93636475, 0.0529430099,  , , , 8.93636475, 0.00359903276
 , , , 8.94552002, 0.0529134013,  , , , 8.94552002, 0.00410711812
 , , , 8.95467529, 0.0528838113,  , , , 8.95467529, 0.00461282767
 , , , 8.96383057, 0.0528542399,  , , , 8.96383057, 0.00511600636
 , , , 8.97298584, 0.0528246835,  , , , 8.97298584, 0.00561650284
 , , , 8.98214111, 0.0527951419,  , , , 8.98214111, 0.0061141653
 , , , 8.99129639, 0.052765619,  , , , 8.99129639, 0.0066088438
 , , , 9.00045166, 0.052736111,  , , , 9.00045166, 0.00710038887
 , , , 9.00960693, 0.0527066216,  , , , 9.00960693, 0.00758865383
 , , , 9.01876221, 0.0526771471,  , , , 9.01876221, 0.00807349198
 , , , 9.02791748, 0.0526476875,  , , , 9.02791748, 0.0085547585
 , , , 9.03707275, 0.0526182465,  , , , 9.03707275, 0.00903230906
 , , , 9.04622803, 0.0525888242,  , , , 9.04622803, 0.00950600393
 , , , 9.0553833, 0.052559413,  , , , 9.0553833, 0.00997570064
 , , , 9.06453857, 0.0525300242,  , , , 9.06453857, 0.0104412613
 , , , 9.07369385, 0.0525006466,  , , , 9.07369385, 0.0109025482
 , , , 9.08284912, 0.0524712875,  , , , 9.08284912, 0.0113594253
 , , , 9.09200439, 0.0524419472,  , , , 9.09200439, 0.0118117603
 , , , 9.10115967, 0.052412618,  , , , 9.10115967, 0.0122594191
 , , , 9.11031494, 0.0523833111,  , , , 9.11031494, 0.0127022723
 , , , 9.11947021, 0.0523540154,  , , , 9.11947021, 0.0131401904
 , , , 9.12862549, 0.0523247384,  , , , 9.12862549, 0.0135730477
 , , , 9.13778076, 0.0522954799,  , , , 9.13778076, 0.0140007176
 , , , 9.14693604, 0.0522662364,  , , , 9.14693604, 0.0144230779
 , , , 9.15609131, 0.0522370078,  , , , 9.15609131, 0.0148400078
 , , , 9.16524658, 0.052207794,  , , , 9.16524658, 0.0152513869
 , , , 9.17440186, 0.0521785989,  , , , 9.17440186, 0.015657099
 , , , 9.18355713, 0.0521494225,  , , , 9.18355713, 0.0160570294
 , , , 9.1927124, 0.0521202572,  , , , 9.1927124, 0.0164510626
 , , , 9.20186768, 0.0520911105,  , , , 9.20186768, 0.0168390889
 , , , 9.21102295, 0.0520619825,  , , , 9.21102295, 0.017221
 , , , 9.22017822, 0.0520328693,  , , , 9.22017822, 0.0175966881
 , , , 9.2293335, 0.0520037711,  , , , 9.2293335, 0.0179660488
 , , , 9.23848877, 0.0519746915,  , , , 9.23848877, 0.0183289815
 , , , 9.24764404, 0.0519456267,  , , , 9.24764404, 0.0186853819
 , , , 9.25679932, 0.0519165769,  , , , 9.25679932, 0.0190351568
 , , , 9.26595459, 0.0518875457,  , , , 9.26595459, 0.0193782076
 , , , 9.27510986, 0.0518585294,  , , , 9.27510986, 0.019714443
 , , , 9.28426514, 0.0518295281,  , , , 9.28426514, 0.0200437699
 , , , 9.29342041, 0.0518005453,  , , , 9.29342041, 0.0203661006
 , , , 9.30257568, 0.0517715774,  , , , 9.30257568, 0.0206813496
 , , , 9.31173096, 0.0517426245,  , , , 9.31173096, 0.0209894311
 , , , 9.32088623, 0.0517136902,  , , , 9.32088623, 0.0212902669
 , , , 9.3300415, 0.0516847707,  , , , 9.3300415, 0.0215837769
 , , , 9.33919678, 0.0516558699,  , , , 9.33919678, 0.0218698829
 , , , 9.34835205, 0.051626984,  , , , 9.34835205, 0.0221485123
 , , , 9.35750732, 0.051598113,  , , , 9.35750732, 0.0224195924
 , , , 9.3666626, 0.0515692569,  , , , 9.3666626, 0.0226830579
 , , , 9.37581787, 0.0515404195,  , , , 9.37581787, 0.0229388382
 , , , 9.38497314, 0.0515115969,  , , , 9.38497314, 0.0231868718
 , , , 9.39412842, 0.0514827929,  , , , 9.39412842, 0.0234270953
 , , , 9.40328369, 0.0514540002,  , , , 9.40328369, 0.0236594528
 , , , 9.41243896, 0.0514252298,  , , , 9.41243896, 0.0238838866
 , , , 9.42159424, 0.0513964705,  , , , 9.42159424, 0.0241003446
 , , , 9.43074951, 0.0513677299,  , , , 9.43074951, 0.0243087746
 , , , 9.43990479, 0.0513390042,  , , , 9.43990479, 0.0245091282
 , , , 9.44906006, 0.0513102934,  , , , 9.44906006, 0.0247013588
